examples/Kurganov2007/200x200/topography_dem.asc
ncols   201
nrows   201
xllcorner          -1.000
yllcorner          -1.000
cellsize           0.010
NODATA_value -9999
[rows 108 to 125 of 201, columns 41 to 81 of 201]
6.4299579081794839E-003 6.4297885436359684E-003 6.4281519466147926E-003 6.4244787708117816E-003 6.4180520596856779E-003 0.12500798034329522 0.12499316842131271 0.12497228633919000 0.12494373730927065 0.12490562560690839 0.12485572577632827 0.12479145480115912 0.12470984921516409 0.12460754943031863 0.12448079381861840 0.12432542527403849 0.12413691307279821 0.12391039281363692 0.12364072702653135 0.12332258866315278 0.12295056910661126 0.12251931155194265 0.12202366961434820 0.12145888983541581 0.12082081541019422 0.12010610699836613 0.11931247497543063 0.11843891600392782 0.11748594545105660 0.11645581604538892 0.11535271235097777 0.11418291023581023 0.11295489060435582 0.11167939731181087 0.11036943041434201 0.10904016773610585 0.10770881011408702 0.10639434854127397 0.10511725465519155 0.10389909946645118 0.10276210871798333
8.1130701301508606E-003 8.1092448719566109E-003 8.1031152078223419E-003 8.0939199064039534E-003 8.0807099646214662E-003 0.12496231505584414 0.12493730712126123 0.12490396173127009 0.12486021814540021 0.12480363934214957 0.12473137366547546 0.12464012012915043 0.12452609981517344 0.12438503617406900 0.12421214735440428 0.12400215392322682 0.12374930545255391 0.12344742940276901 0.12309000549655572 0.12267026831602228 0.12218134014784798 0.12161639513464272 0.12096885456768099 0.12023261169643801 0.11940228277296375 0.11847347925348717 0.11744309422513655 0.11630959430965594 0.11507330663008791 0.11373668903090940 0.11230457073906870 0.11078435015816930 0.10918613660041389 0.10752282355577794 0.10581008261680885 0.10406626942158721 0.10231223590250434 0.10057104664289344 9.8867601109237951E-002 9.7228167764268528E-002 9.5679840363270346E-002
9.9972952626535515E-003 9.9898609676287858E-003 9.9792541658983869E-003 9.9645078560911052E-003 0.12494442336791410 0.12491752947131794 0.12488203802607484 0.12483579693153855 0.12477624150125556 0.12470034580173685 0.12460457594864324 0.12448484783066582 0.12433649220903996 0.12415423059009748 0.12393216565472967 0.12366379031225377 0.12334201958366710 0.12295924946621896 0.12250744664504169 0.12197827236103552 0.12136324288939071 0.12065392791557587 0.11984218661824436 0.11892043950508238 0.11788197204529641 0.11672126397297049 0.11543433589480676 0.11401910264140827 0.11247572078807062 0.11080691608438092 0.10901827531917251 0.10711848654795070 0.10511951174427099 0.10303667689522179 0.10088866639438229 9.8697411294780268E-002 9.6487864516039676E-002 9.4287660343308016E-002 9.2126660344046901E-002 9.0036392945652952E-002 8.8049399105496806E-002
1.2082580789865151E-002 1.2071598493496486E-002 1.2056553392978389E-002 1.2036261727706209E-002 0.12490926115057190 0.12487376193562644 0.12482759407448912 0.12476815116491054 0.12469233242818534 0.12459648468443286 0.12447634665373342 0.12432699851747964 0.12414282024142542 0.12391746269559224 0.12364383606511890 0.12331412038302875 0.12291980317937815 0.12245174917863466 0.12190030663787106 0.12125545425828066 0.12050699158849754 0.11964477445305610 0.11865899518650197 0.11754050536136680 0.11628117632237957 0.11487429026503714 0.11331495193776182 0.11160050844287306 0.10973096222242516 0.10770936031308019 0.10554214151447075 0.10323942240335758 0.10081520328425063 9.8287476303428156E-002 9.5678220127072597E-002 9.3013268797199983E-002 9.0322046567813008E-002 8.7637165556835830E-002 8.4993888729186201E-002 8.2429466795713141E-002 7.9982363767176920E-002
1.4368914937110374E-002 1.4354476269323305E-002 1.4335076423499170E-002 0.12490930828771929 0.12487543728757541 0.12483134431794367 0.12477446387888599 0.12470171846992741 0.12460945080212553 0.12449335596133940 0.12434841628445871 0.12416884237065150 0.12394802431086473 0.12367849784101634 0.12335193065940776 0.12295913454175471 0.12249010907802461 0.12193412278255357 0.12127983693379192 0.12051547673101333 0.11962905317381235 0.11860863745617492 0.11744268762435379 0.11612042480956479 0.11463225357782030 0.11297021793922829 0.11112848146037742 0.10910381688860317 0.10689608791235423 0.10450870334852726 0.10194902236929874 9.9228688550391672E-002 9.6363870706455121E-002 9.3375389802452177E-002 9.0288713762120609E-002 8.7133805737626219E-002 8.3944816284623469E-002 8.0759615750932143E-002 7.7619169804554869E-002 7.4566768098213151E-002 7.1647123238145163E-002
1.6856334325573631E-002 1.6838578476442476E-002 1.6814974397061769E-002 0.12488389086620674 0.12484331975625987 0.12479081055958871 0.12472339942218043 0.12463753389226727 0.12452899517005421 0.12439282030181469 0.12422322748100623 0.12401354837500790 0.12375617215304403 0.12344250660321508 0.12306296233920731 0.12260696654711885 0.12206301294141059 0.12141875451595348 0.12066114522408028 0.11977663584153063 0.11875142791401287 0.11757178784385876 0.11622442083251179 0.11469690160495734 0.11297815567326777 0.11105898146272716 0.10893260007724143 0.10659521600703173 0.10404656889425128 0.10129045380118039 9.8335185504279526E-002 9.5193981386209353E-002 9.1885237707622011E-002 8.8432675554321327E-002 8.4865335652804033E-002 8.1217405530445680E-002 7.7527868081169016E-002 7.3839967308064094E-002 7.0200494587448953E-002 6.6658906891394504E-002 6.3266296611687672E-002
1.9544923824281368E-002 1.9524052843124751E-002 1.9496481844677054E-002 0.12486036178633006 0.12481341837213294 0.12475287833637332 0.12467538954992477 0.12457693630781978 0.12445275180681400 0.12429723056057861 0.12410384430898841 0.12386506582791315 0.12357230589699848 0.12321586948386171 0.12278493789198205 0.12226758412542725 0.12165082896940760 0.12092074519244664 0.12006261676790923 0.11906115902348942 0.11790080410735139 0.11656605408315002 0.11504190133829484 0.11331431285281246 0.11137077131386075 0.10920086220096495 0.10679689197993848 0.10415451863841022 0.10127337221268216 9.8157639952853759E-002 9.4816588612957067E-002 9.1264995283227429E-002 8.7523458416908409E-002 8.3618562405174873E-002 7.9582872310243316E-002 7.5454740181023536E-002 7.1277910652747009E-002 6.7100921074872019E-002 6.2976299923826029E-002 5.8959576353377167E-002 5.5108122959136543E-002
2.2434808668773634E-002 2.2411098910112268E-002 0.12487989975796730 0.12483915851095394 0.12478635181425490 0.12471840418674242 0.12463159972602754 0.12452148849186202 0.12438278978641001 0.12420929536577779 0.12399377651030649 0.12372789981964048 0.12340215753835168 0.12300581910230896 0.12252691135664290 0.12195223545477607 0.12126742871953444 0.12045707964455592 0.11950490365338574 0.11839398614165261 0.11710709764970223 0.11562708372055244 0.11393732909672076 0.11202229244600805 0.10986810387327331 0.10746321321349711 0.10479907269930583 0.10187083328457525 9.8678029949477900E-002 9.5225227996854761E-002 9.1522599964552212E-002 8.7586401597146674E-002 8.3439315579911452E-002 7.9110633615734116E-002 7.4636251020664193E-002 7.0058453328619583E-002 6.5425481325621163E-002 6.0790869261245148E-002 5.6212560382557411E-002 5.1751813978092115E-002 4.7471928302468804E-002
2.5526139827535380E-002 2.5499947662846884E-002 0.12486556762323531 0.12482076569750111 0.12476279668352022 0.12468831577994072 0.12459328277877643 0.12447286048634902 0.12432130977878429 0.12413188458305373 0.12389673104310527 0.12360679614840203 0.12325175212133167 0.12281994381906247 0.12229836723034744 0.12167268775361255 0.12092730723720083 0.12004548865124497 0.11900954665256482 0.11780111111991372 0.11640146891735098 0.11479198665761524 0.11295461409129039 0.11087246399187016 0.10853046014192269 0.10591604040420766 0.10301989708799425 9.9836732145411708E-002 9.6366000442495797E-002 9.2612610754232716E-002 8.8587551546239096E-002 8.4308407324630755E-002 7.9799731616717440E-002 7.5093244681185431E-002 7.0227827944420104E-002 6.5249292922568980E-002 6.0209909903121493E-002 5.5167690689322861E-002 5.0185429900815287E-002 4.5329520213082883E-002 4.0668567960057724E-002
2.8819074434947644E-002 0.12489083491484058 0.12485382753698862 0.12480566722038716 0.12474342386072169 0.12466352812925001 0.12456166939040679 0.12443268747172230 0.12427046084909274 0.12406779475281637 0.12381631373140385 0.12350636429418912 0.12312693433924435 0.12266559709464667 0.12210848817977270 0.12144032503858714 0.12064447831063708 0.11970310458687393 0.11859734934985351 0.11730762763683891 0.11581398802649497 0.11409656290233454 0.11213610459542482 0.10991460300895455 0.10741597578500910 0.10462681715200936 0.10153718650720385 9.8141412809093304E-002 9.4438886285436785E-002 9.0434805133223939E-002 8.6140842132007289E-002 8.1575694727448397E-002 7.6765482441126229E-002 7.1743957630887839E-002 6.6552499777276189E-002 6.1239869609037635E-002 5.5861707383266457E-002 5.0479769252187570E-002 4.5160906501012253E-002 3.9975804038292803E-002 3.4997506279708948E-002
3.2313753751738450E-002 0.12488397167260593 0.12484498462977428 0.12479429367165486 0.12472882932005075 0.12464485300219562 0.12453785023802857 0.12440241739630852 0.12423214470083375 0.12401949915382429 0.12375571212264230 0.12343067746998207 0.12303286724314333 0.12254927300661007 0.12196538182126894 0.12126519654863595 0.12043131048668641 0.11944504621987170 0.11828666788856368 0.11693567476412614 0.11537118198880728 0.11357239157027327 0.11151915321573624 0.10919261040661449 0.10657592236332752 0.10365504740137096 0.10041956786170718 9.6863531589754095E-002 9.2986280157650952E-002 8.8793230018889058E-002 8.4296569902507237E-002 7.9515836326602071E-002 7.4478329423748574E-002 6.9219333538825326E-002 6.3782111401917599E-002 5.8217647098775457E-002 5.2584121432025011E-002 4.6946113325218142E-002 4.1373532273561067E-002 3.5940298975741164E-002 3.0722803581839958E-002
0.12491028145575754 0.12487951516510011 0.12483926862162460 0.12478697163289162 0.12471946757521514 0.12463291210653568 0.12452266340838100 0.12438316582030473 0.12420782962162755 0.12398891072810464 0.12371739517982297 0.12338289446165128 0.12297355886415495 0.12247601719077114 0.12187535206133668 0.12115512075559896 0.12029743187757715 0.11928308799426188 0.11809180370628479 0.11670250725306851 0.11509373167250368 0.11324409869004518 0.11113289491133796 0.10874073559395969 0.10605030639249059 0.10304716818174568 9.9720604599327425E-002 9.6064486597317242E-002 9.2078123382472038E-002 8.7767065009024231E-002 8.3143818927362223E-002 7.8228441325279702E-002 7.3048964419807044E-002 6.7641623187510130E-002 6.2050849482055845E-002 5.6329008083229735E-002 5.0535857821281803E-002 4.4737731254525320E-002 3.9006438040408459E-002 3.3417909602705735E-002 2.8050615334545101E-002
0.12490870504087526 0.12487754418904737 0.12483680129252474 0.12478388096113587 0.12471559587176224 0.12462806455066201 0.12451660060794952 0.12437559530457222 0.12419839623163835 0.12397718590392254 0.12370286518810038 0.12336494766183477 0.12295147217699381 0.12244894200810991 0.12184229992004468 0.12111494918865200 0.12024883094853689 0.11922456811349520 0.11802168541308704 0.11661891372143894 0.11499458475309018 0.11312711932982963 0.11099560878913844 0.10858048476746894 0.10586426766607718 0.10283237876992170 9.9473995477051963E-002 9.5782923696168837E-002 9.1758456515164177E-002 8.7406184090938352E-002 8.2738716723162520E-002 7.7776281594755178E-002 7.2547153986014773E-002 6.7087886120222276E-002 6.1443301299700069E-002 5.5666227646249039E-002 4.9816954437240740E-002 4.3962404456028635E-002 3.8175027542979585E-002 3.2531433108428598E-002 2.7110792120076613E-002
0.12490900269846503 0.12487804188854756 0.12483757394996695 0.12478502541262176 0.12471723604098441 0.12463035752215958 0.12451974368244646 0.12437983409597049 0.12420403384041521 0.12398459316771540 0.12371249196628641 0.12337733505641786 0.12296726552708413 0.12246890442034253 0.12186732601382165 0.12114607864537424 0.12028726136123759 0.11927166654169609 0.11807899796240975 0.11668817239447536 0.11507771076384109 0.11322622204555377 0.11111297946754300 0.10871858430012153 0.10602570762599665 0.10301989519619371 9.9690415013587858E-002 9.6031121934363875E-002 9.2041308667221725E-002 8.7726508434818329E-002 8.3099211601042985E-002 7.8179457101050870E-002 7.2995259832209725E-002 6.7582837493878792E-002 6.1986604824735787E-002 5.6258909781625142E-002 5.0459494803453242E-002 4.4654676637558913E-002 3.8916249868128971E-002 3.3320131748497871E-002 2.7944778576076287E-002
0.12491107732463543 0.12488088811852995 0.12484143769784412 0.12479022025087656 0.12472415873988418 0.12463950628118385 0.12453173927926861 0.12439544412890877 0.12422420016693428 0.12401046254125332 0.12374544974385020 0.12341904168853268 0.12301969534975545 0.12253438604752684 0.12194858338259189 0.12124627150118918 0.12041002369697262 0.11942114123374133 0.11825986559533297 0.11690567205004396 0.11533765038997205 0.11353497593633041 0.11147747039692840 0.10914624797799802 0.10652443740119012 0.10359796532807027 0.10035638137627738 9.6793699702675443E-002 9.2909227349123394E-002 8.8708345540771283E-002 8.4203207244752859E-002 7.9413312869519706E-002 7.4365926297708357E-002 6.9096295713105965E-002 6.3647648024213313E-002 5.8070932106437406E-002 5.2424294455379231E-002 4.6772280902262438E-002 4.1184769393983439E-002 3.5735650970509757E-002 3.0501288372584055E-002
0.12491475834383538 0.12488586227794155 0.12484810764237840 0.12479909829331515 0.12473589193568456 0.12465490583831007 0.12455181466578551 0.12442144216129074 0.12425764924407520 0.12405322202782591 0.12379976429784335 0.12348760006908241 0.12310569293271015 0.12264158992049572 0.12208139849509186 0.12140980591967311 0.12061015057424865 0.11966455466747963 0.11855412714535021 0.11725924433709244 0.11575991394099258 0.11403622530522058 0.11206888560819378 0.10983983754307695 0.10733294956873599 0.10453476486751158 0.10143529006602030 9.8028799795552568E-002 9.4314628599241987E-002 9.0297917863714341E-002 8.5990282697690254E-002 8.1410362315194759E-002 7.6584217779898781E-002 7.1545543134988426E-002 6.6335660093814683E-002 6.1003272603609798E-002 5.5603965596645537E-002 5.0199441859158624E-002 4.4856501800284845E-002 3.9645782499698606E-002 3.4640284171615424E-002
0.12491981101101653 0.12489265613325352 0.12485718036694403 0.12481113347914369 0.12475175239207294 0.12467567265200299 0.12457883249614891 0.12445637114589055 0.12430252373354507 0.12411051615485891 0.12387246410810444 0.12357928159861190 0.12322060520688280 0.12278474137771946 0.12225864481290080 0.12162793665593788 0.12087697145213631 0.11998896175594291 0.11894616864960934 0.11773016525324830 0.11632217848690103 0.11470351185939701 0.11285604891273444 0.11076283319502199 0.10840871637007207 0.10578106145030029 0.10287048336584467 9.9671604407214995E-002 9.6183797788373215E-002 9.2411888981486653E-002 8.8366781887577767E-002 8.4065975625794681E-002 7.9533938004639218E-002 7.4802303773984807E-002 6.9909869654121895E-002 6.4902363900381815E-002 5.9831975675382044E-002 5.4756638529752703E-002 4.9739072481521179E-002 4.4845600072729780E-002 4.0144762822840865E-002
0.12492595190812403 0.12490089489626810 0.12486816234721952 0.12482567885835474 0.12477089605908435 0.12470071096611032 0.12461137751256685 0.12449841275268583 0.12435649996192946 0.12417939166862414 0.12395981654647868 0.12368939503611405 0.12335856950374191 0.12295655562978104 0.12247132248110174 0.12188960927944274 0.12119698715031327 0.12037797403410011 0.11941621038046001 0.11829470215524086 0.11699613601128565 0.11550326918204926 0.11379939375569011 0.11186887152382573 0.10969773166603124 0.10727431926929888 0.10458997827936144 0.10163974816896677 9.8423049651599634E-002 9.4944331453246489E-002 9.1213647769063544E-002 8.7247134850009692E-002 8.3067355423278491E-002 7.8703481527476027E-002 7.4191289937645372E-002 6.9572949669196985E-002 6.4896587978688927E-002 6.0215629605707970E-002 5.5587913396614057E-002 5.1074600492110885E-002 4.6738898442514804E-002
