examples/Kurganov2007/200x200/topography_dem.asc
ncols   201
nrows   201
xllcorner          -1.000
yllcorner          -1.000
cellsize           0.010
NODATA_value -9999
[rows 108 to 125 of 201, columns 123 to 163 of 201]
0.15380231044494805 0.15435446129492811 0.15482274738989477 0.15521084481875336 0.15552224605341591 0.15576024710548619 0.15592794834657195 0.15602826608053372 0.15606395206917903 0.15603761842524197 0.15595176556851362 0.15580881126557208 0.15561111911696163 0.15536102519817505 0.15506086188698967 0.15471297820838645 0.15431975629214686 0.15388362376338069 0.15340706207162630 0.15289261091092418 0.15234286899413946 0.15176049152359097 0.15114818475109740 0.15050869804842307 0.14984481391823634 0.14915933637018933 0.14845507807025726 0.14773484664716982 0.14700143051022921 0.14625758450012516 0.14550601566013985 0.14474936938059441 0.14399021613539309 0.14323103899666703 0.14247422208219390 0.14172204006070663 0.14097664881252467 0.14024007731719992 0.13951422081607084 0.13880083527574602 0.13810153315856555
0.14750877798752801 0.14805287023332894 0.14851348413339663 0.14889568562546335 0.14920422182675697 0.14944350166932729 0.14961759409218484 0.14973024024020609 0.14978487625038062 0.14978466345820313 0.14973252319476407 0.14963117373512627 0.14948316737181616 0.14929092599959728 0.14905677399029671 0.14878296749565864 0.14847171963314465 0.14812522127960023 0.14774565741954823 0.14733521917003728 0.14689611173590450 0.14643055864272486 0.14594080265501252 0.14542910382003096 0.14489773508831050 0.14434897595571700 0.14378510455312929 0.14320838858228704 0.14262107546330238 0.14202538202318496 0.14142348401741550 0.14081750573951829 0.14020950993769746 0.13960148822355045 0.13899535212602523 0.13839292491432581 0.13779593428644119 0.13720600599533311 0.13662465846248253 0.13605329840834315 0.13549321751116464
0.14214435891947549 0.14269660884420102 0.14316331565026533 0.14355102263716590 0.14386581564118461 0.14411329686720539 0.14429858051383718 0.14442630592757302 0.14450066417281421 0.14452543420233702 0.14450402521369396 0.14443952224106044 0.14433473252414691 0.14419223068696849 0.14401440122684336 0.14380347724157641 0.14356157469974853 0.14329072187980674 0.14299288386683431 0.14266998220333188 0.14232390994626332 0.14195654249275547 0.14156974460773125 0.14116537412520830 0.14074528280759582 0.14031131484016149 0.13986530341629566 0.13940906583784834 0.13894439751740426 0.13847306522885361 0.13799679991125280 0.13751728929036655 0.13703617054354592 0.13655502319740426 0.13607536241448068 0.13559863279485584 0.13512620279148785 0.13465935981373406 0.13419930607193553 0.13374715519684796 0.13330392965089705
0.13762177020659822 0.13819630420849524 0.13868109966323430 0.13908424548944712 0.13941323226585844 0.13967491905088220 0.13987552650846258 0.14002065129934016 0.14011529687105176 0.14016391612790877 0.14017046193242047 0.14013844193468578 0.14007097480469971 0.13997084551995240 0.13984055791032959 0.13968238316476819 0.13949840344684145 0.13929055014289538 0.13906063657492887 0.13881038525335476 0.13854144992712764 0.13825543281730970 0.13795389750276824 0.13763837797142500 0.13731038436514151 0.13697140593813156 0.13662291172411337 0.13626634937164636 0.13590314256466282 0.13553468739956603 0.13516234804404195 0.13478745195778427 0.13441128491291368 0.13403508601273137 0.13366004287196248 0.13328728708990814 0.13291789011984764 0.13255285961339625 0.13219313629705254 0.13183959141955137 0.13149302479257055
0.13384877873880671 0.13445703883297919 0.13496964883604265 0.13539628192422687 0.13574587183793832 0.13602657259745690 0.13624574921453139 0.13640999353987066 0.13652515958553765 0.13659641306265821 0.13662829041867383 0.13662476328936260 0.13658930495076110 0.13652495602495954 0.13643438733033569 0.13631995834860047 0.13618377029349080 0.13602771320148127 0.13585350682166625 0.13566273536264906 0.13545687636475517 0.13523732411414879 0.13500540811057821 0.13476240715192120 0.13450955961556843 0.13424807050736820 0.13397911582076535 0.13370384470817662 0.13342337991867109 0.13313881690468449 0.13285122194879231 0.13256162961163917 0.13227103975537804 0.13198041435424795 0.13169067426559641 0.13140269610080216 0.13111730930601442 0.13083529353710424 0.13055737639134524 0.13028423153971069 0.13001647728788701
0.13073398848813997 0.13138423094596244 0.13193169019286752 0.13238762271073024 0.13276240704558231 0.13306549648725893 0.13330540748036446 0.13348973707020842 0.13362520291220883 0.13371769982964188 0.13377236752392935 0.13379366476072377 0.13378544611867768 0.13375103815025638 0.13369331252962857 0.13361475442579057 0.13351752492302649 0.13340351680693247 0.13327440344047775 0.13313168077401227 0.13297670277252113 0.13281071071193276 0.13263485690433413 0.13245022347032162 0.13225783679585418 0.13205867830048990 0.13185369211223769 0.13164379019861347 0.13142985544969393 0.13121274315157946 0.13099328123112483 0.13077226959748875 0.13055047885457075 0.13032864861166471 0.13010748557807217 0.12988766159102064 0.12966981169481057 0.12945453236229296 0.12924237992709986 0.12903386927602037 0.12882947283505453
0.12819111769874919 0.12888804372820956 0.12947438596251126 0.12996293519601473 0.13036547189340308 0.13069271209709432 0.13095429369008402 0.13115879549460510 0.13131378193757381 0.13142586652456847 0.13150078805796611 0.13154349434086385 0.13155822896451769 0.13154861763189041 0.13151775128347593 0.13146826403493719 0.13140240459060529 0.13132210035284173 0.13122901390237787 0.13112459188248163 0.13101010658778831 0.13088669074717296 0.13075536611087119 0.13061706651729760 0.13047265613640432 0.13032294357476279 0.13016869249234600 0.13001062933028601 0.12984944868922915 0.12968581683443062 0.12952037374023626 0.12935373402578676 0.12918648707740166 0.12901919660216174 0.12885239981214397 0.12868660639958665 0.12852229742970842 0.12835992424952278 0.12819990748724286 0.12804263619718070 0.12788846718884894
0.12614175222101318 0.12688630841194426 0.12751239978688500 0.12803424859758472 0.12846494448420884 0.12881638409581686 0.12909925540432493 0.12932305841556879 0.12949615425615485 0.12962583517707066 0.12971840877943164 0.12977929065592317 0.12981310058501064 0.12982375835716484 0.12981457620900164 0.12978834566046130 0.12974741727137198 0.12969377244627364 0.12962908691771211 0.12955478593219327 0.12947209145804137 0.12938206194192592 0.12928562527376325 0.12918360569145540 0.12907674538045996 0.12896572151040517 0.12885115941236747 0.12873364254489214 0.12861371983157821 0.12849191088371092 0.12836870955220270 0.12824458618695844 0.12811998892062865 0.12799534423864684 0.12787105704892493 0.12774751042260024 0.12762506514147348 0.12750405915773774 0.12738480704665822 0.12726759951236769 0.12715270299025502
0.12451669391430382 0.12530607311803604 0.12596961425037118 0.12652281205544649 0.12697992071657035 0.12735388790700600 0.12765633740511911 0.12789759128170092 0.12808672296440937 0.12823163309280611 0.12833914090514664 0.12841508485997563 0.12846442721748041 0.12849135832603070 0.12849939733048962 0.12849148690613618 0.12847008040309646 0.12843722044946695 0.12839460860412069 0.12834366607669548 0.12828558585162009 0.12822137677759785 0.12815190032779203 0.12807790081357009 0.12815622819060379 0.12832154053190734 0.12838558736703407 0.12834869734310367 0.12821125945104589 0.12797372971475682 0.12763663593051086 0.12738910984108603 0.12729740942962134 0.12720565806525264 0.12711415877437510 0.12702319708222515 0.12693304107859940 0.12684394131230042 0.12675613060054680 0.12666982381826192 0.12658521771492276
0.12325612614307838 0.12408398642562929 0.12477969780166513 0.12535981439191701 0.12583956023973442 0.12623275873393092 0.12655181382542105 0.12680773346370208 0.12701018599486932 0.12716758091010755 0.12728716621423494 0.12737513570744216 0.12743674056085380 0.12747640065252153 0.12749781216394707 0.12750404888140673 0.12749765547747260 0.12748073175388219 0.12745500740442459 0.12818022577953891 0.12887428618782013 0.12946681116089187 0.12995798617637513 0.13034796419732586 0.13063689301780521 0.13082493725151997 0.13091229575770080 0.13089921523490747 0.13078600063895357 0.13057302300212129 0.13026072515211942 0.12984962575422346 0.12934032203091236 0.12873349145132365 0.12802989262848777 0.12723036561555237 0.12640646319304774 0.12634164175749976 0.12627775564051189 0.12621496203135918 0.12615340466383751
0.12230888617825622 0.12316578753101645 0.12388577787180645 0.12448620981090323 0.12498303842049636 0.12539074716957413 0.12572232808694825 0.12598930613990217 0.12620179814553328 0.12636859720830407 0.12649727459787288 0.12659429205133621 0.12666511862093929 0.12671434732368150 0.12674580792972104 0.12714032441080325 0.12825563631329870 0.12926825608913056 0.13017893062293651 0.13098817618659009 0.13169633857450544 0.13230364425263397 0.13281024329337593 0.13321624495493520 0.13352174679201156 0.13372685816954119 0.13383171900512825 0.13383651449956910 0.13374148653715801 0.13354694235507225 0.13325326099911119 0.13286089800495310 0.13237038867218254 0.13178235023391585 0.13109748316843578 0.13031657185080017 0.12944048470150168 0.12847017395527346 0.12740667514528364 0.12625110637542297 0.12582920568675127
0.12163116448289227 0.12250520221786700 0.12323950200637285 0.12385191682028701 0.12435885949800762 0.12477522648550535 0.12511437732472833 0.12538815960428801 0.12560696942555563 0.12577983813183902 0.12591453699363137 0.12601769264183951 0.12629556234417169 0.12773358623553874 0.12906498026264115 0.13029169863002246 0.13141520661876241 0.13243657293200822 0.13335655182708189 0.13417565503884327 0.13489421386362360 0.13551243202939681 0.13603043014201438 0.13644828258592551 0.13676604778692292 0.13698379272887415 0.13710161256913872 0.13711964612942470 0.13703808795915035 0.13685719758391665 0.13657730646765004 0.13619882313697504 0.13572223684277263 0.13514812006798740 0.13447713013309343 0.13371001010118019 0.13284758914293598 0.13189078248722064 0.13084059105462800 0.12969810084859468 0.12846448216039374
0.12118494456127457 0.12206253764134496 0.12279976267684137 0.12341465156411505 0.12392378005384937 0.12434219068785558 0.12468337201137786 0.12495928368385834 0.12518041745209582 0.12535588465026298 0.12656772729638086 0.12823067809306385 0.12978163766045617 0.13122388084770906 0.13255997067791339 0.13379187017967703 0.13492104553423728 0.13594855942401354 0.13687515409391504 0.13770132412802447 0.13842737931206958 0.13905349821064955 0.13957977325374493 0.14000624821638888 0.14033294900474103 0.14055990864610132 0.14068718733276001 0.14071488830109555 0.14064317024702808 0.14047225689384257 0.14020244424374131 0.13983410596393711 0.13936769728401749 0.13880375771502654 0.13814291284275118 0.13738587539802277 0.13653344576501097 0.13558651205381295 0.13454604983531523 0.13341312161347327 0.13218887609197852
0.12093645885642271 0.12180323396103736 0.12253132917553190 0.12313862675043730 0.12364156380261161 0.12405505586442447 0.12439247622067276 0.12466738293443611 0.12669312850723896 0.12859246282338097 0.13037144675827689 0.13203507332647935 0.13358738953045857 0.13503161800175617 0.13637027466652674 0.13760527968084110 0.13873805977309056 0.13976964088818761 0.14070073064792801 0.14153179062866902 0.14226309882187743 0.14289480289926246 0.14342696506823618 0.14385959939195758 0.14419270247730911 0.14442627841860278 0.14456035883763116 0.14459501879286205 0.14453038925106235 0.14436666673039583 0.14410412064024830 0.14374309876332630 0.14328403125228922 0.14272743344762348 0.14207390776617559 0.14132414486068109 0.14047892420932179 0.13953911426013446 0.13850567222717597 0.13737964361286970 0.13616216151308852
0.12085487370112481 0.12169657443401201 0.12240357865734836 0.12299330026133569 0.12348174513273101 0.12433476367420011 0.12662689968892982 0.12877886673092281 0.13079892596637646 0.13269408204370797 0.13447018677697828 0.13613205326636046 0.13768357457350738 0.13912784220411356 0.14046726072955978 0.14170365586577707 0.14283837419556078 0.14387237345764856 0.14480630292894794 0.14564057390004631 0.14637542059876493 0.14701095216580778 0.14754719644617778 0.14798413644617253 0.14832174033408085 0.14855998584757732 0.14869887992490874 0.14873847431099591 0.14867887781222883 0.14852026579179795 0.14826288741592009 0.14790707108381210 0.14745322840302422 0.14690185700803365 0.14625354246433572 0.14550895945259967 0.14466887238735940 0.14373413559151560 0.14270569312085660 0.14158457831102542 0.14037191310206384
0.12091133940280120 0.12171468667916027 0.12238945622654013 0.12374916637191974 0.12632963659246571 0.12875334891157530 0.13103074021695321 0.13317090803253340 0.13518166860619713 0.13706963942059100 0.13884033839564389 0.14049829307335332 0.14204715416131816 0.14348980889593380 0.14482849071817289 0.14606488269765053 0.14720021297049848 0.14823534116115669 0.14917083533467174 0.15000703947894323 0.15074413185534352 0.15138217479442770 0.15192115666602674 0.15236102683535582 0.15270172444383398 0.15294320183885918 0.15308544343292083 0.15312848070938934 0.15307240401841754 0.15291737172810271 0.15266361721820831 0.15231145412970906 0.15186128021537595 0.15131358007577772 0.15066892701192947 0.14992798418031958 0.14909150519778416 0.14816033431203929 0.14713540622787369 0.14601774565825343 0.14480846665312291
0.12107846104889687 0.12288660921479873 0.12577541027056027 0.12848946652408583 0.13104099481679130 0.13344095078005616 0.13569901275975002 0.13782360544900024 0.13982195453821819 0.14170016429762727 0.14346331083286279 0.14511554471373381 0.14666019769578673 0.14809988927248713 0.14943662976478150 0.15067191753996609 0.15180682873090776 0.15284209848818567 0.15377819333897155 0.15461537465164057 0.15535375352336869 0.15599333763169643 0.15653407073429160 0.15697586557844906 0.15731863100727989 0.15756229403598404 0.15770681763042832 0.15775221486108174 0.15769856003599403 0.15754599734302727 0.15729474745849301 0.15694511250986928 0.15649747971642608 0.15595232397450678 0.15531020960436254 0.15457179143276256 0.15373781534973011 0.15280911844807743 0.15178662883023139 0.15067136514740620 0.14946443592076394
0.12496136105485965 0.12797913984349371 0.13081822545258281 0.13349081655159326 0.13600801343406602 0.13837975843840397 0.14061482127173802 0.14272082095010702 0.14470427634012303 0.14657067784632047 0.14832457354946593 0.14996966398593814 0.15150890069847683 0.15294458462752547 0.15427846130591835 0.15551181063593014 0.15664552974617632 0.15768020803588742 0.15861619401319449 0.15945365392614308 0.16019262247864097 0.16083304612985608 0.16137481960768243 0.16181781633818573 0.16216191351638043 0.16240701253119744 0.16255305541954526 0.16260003796981984 0.16254802003126839 0.16239713351787902 0.16214758852812172 0.16179967793782304 0.16135378076461099 0.16081036454976111 0.16016998695733617 0.15943329675119611 0.15860103427740752 0.15767403155225163 0.15665321203376509 0.15553959013686036 0.15433427053788928
