examples/Kurganov2007/200x200/topography_dem.asc
ncols   201
nrows   201
xllcorner          -1.000
yllcorner          -1.000
cellsize           0.010
NODATA_value -9999
[rows 126 to 143 of 201, columns 82 to 122 of 201]
5.0401606892078614E-002 4.6968481244726093E-002 4.3865717619018862E-002 4.1144327671396495E-002 3.8850225773685597E-002 3.7022943077250937E-002 3.5694495832727310E-002 3.4888453200287592E-002 3.4619242463960226E-002 3.4891720263843337E-002 3.5701027648335187E-002 3.7032734988335897E-002 3.8863270712033569E-002 4.1160616058715287E-002 4.3885237238301525E-002 4.6991217083613514E-002 5.0427540960911829E-002 5.4139486701273776E-002 5.8070065826343664E-002 6.2161463409174826E-002 6.6356426426088536E-002 7.0599555173098016E-002 7.4838458879526920E-002 7.9024744604640179E-002 8.3114817349998774E-002 8.7070478542363855E-002 9.0859319136643371E-002 9.4454912099121477E-002 9.7836816572629243E-002 0.10099041230103170 0.10390658770341882 0.10658130824370500 0.10901509344146700 0.11121243110418029 0.11318115629056802 0.11493182035387593 0.11647707241050977 0.11783107199579690 0.12038747528287568 0.12391702082541101 0.12724124704757822
5.8634823656660749E-002 5.5580485577443432E-002 5.2820017135025127E-002 5.0398797327069887E-002 4.8357670744096477E-002 4.6731803625673737E-002 4.5549677139962698E-002 4.4832258126887667E-002 4.4592381032168331E-002 4.4834366486599123E-002 4.5553892367007298E-002 4.6738122713653657E-002 4.8366089129677825E-002 5.0409308826516994E-002 5.2832613861263707E-002 5.5595157839066912E-002 5.8651559840612849E-002 6.1953140884159145E-002 6.5449206017395858E-002 6.9088325194180775E-002 7.2819568328696085E-002 7.6593654116310195E-002 8.0363978045300224E-002 8.4087492098640748E-002 8.7725416515140889E-002 9.1243772183079538E-002 9.4613730329981868E-002 9.7811783743227201E-002 0.10081975046492297 0.10362462648727598 0.10621830825628717 0.10859720868748783 0.11076179190985043 0.11271605216247221 0.11446696131638287 0.11602390757152897 0.11888082683221723 0.12271061207301645 0.12632827557947462 0.12974517187825060 0.13297276980021347
6.7013474843171758E-002 6.4344676203119663E-002 6.1932626456936375E-002 5.9816973821907343E-002 5.8033404770168336E-002 5.6612644550346133E-002 5.5579577603337683E-002 5.4952523030761875E-002 5.4742694584061655E-002 5.4953867414115225E-002 5.5582265417855381E-002 5.6616673877869228E-002 5.8038772699238558E-002 5.9823676407350833E-002 6.1940658667045782E-002 6.4354031855333976E-002 6.7024146529355663E-002 6.9908471742724701E-002 7.2962715228824443E-002 7.6141942521853023E-002 7.9401656041360041E-002 8.2698798832777684E-002 8.5992652754477081E-002 8.9245607083470083E-002 9.2423780388095733E-002 9.5497485683887065E-002 9.8441535957614665E-002 0.10123539375945401 0.10386317442476874 0.10631351736478639 0.10857934360634808 0.11065752029110552 0.11254845416596695 0.11425563627873657 0.11736052861469051 0.12144937051278902 0.12532835499455791 0.12900584669608001 0.13249101555338344 0.13579346285304478 0.13892289691213056
7.5238674861841701E-002 7.2948391696652765E-002 7.0878426422746221E-002 6.9062802270654422E-002 6.7532142803374579E-002 6.6312814236464943E-002 6.5426170642813669E-002 6.4887932212638444E-002 6.4707721856038847E-002 6.4888779232758528E-002 6.5427864082641451E-002 6.6315352886508583E-002 6.7535524827874588E-002 6.9067025182163747E-002 7.0883487048908761E-002 7.2954286139744431E-002 7.5245398451765963E-002 7.7720327318964874E-002 8.0341064674340254E-002 8.3069051400106550E-002 8.5866103321017836E-002 8.8695272542390083E-002 9.1521618209174579E-002 9.4312866067046724E-002 9.7039942107165711E-002 9.9677371727216607E-002 0.10220354190729798 0.10460082957570942 0.10685560436966297 0.10895811818171947 0.11090229709293535 0.11268545346494392 0.11598586799555599 0.12027179633041790 0.12436047406743658 0.12825620194964793 0.13196472669934226 0.13549285190898280 0.13884807959365550 0.14203828965205656 0.14507146190844497
8.3059251329228437E-002 8.1128885711468479E-002 7.9384205135729746E-002 7.7853885064158079E-002 7.6563735660192256E-002 7.5535978918764998E-002 7.4788612509894659E-002 7.4334885764049952E-002 7.4182909111972312E-002 7.4335413063900596E-002 7.4789666735410473E-002 7.5537559316192437E-002 7.6565841085534589E-002 7.7856513967387270E-002 7.9387355540151291E-002 8.1132555188588709E-002 8.3063436969552928E-002 8.5149240950861987E-002 8.7357933383459763E-002 8.9657016104789072E-002 9.2014306985220187E-002 9.4398665881369345E-002 9.6780644247297223E-002 9.9133041025419755E-002 0.10143135241219679 0.10365410827782469 0.10578309313167732 0.10780345430951124 0.10970370429782117 0.11147562763859675 0.11492656235576783 0.11933166403353421 0.12356215713226695 0.12761774206792070 0.13150004230192630 0.13521225237945991 0.13875879290898860 0.14214498302742007 0.14537673869983589 0.14846030296136692 0.15140201203886638
9.0281515091496414E-002 8.8683545077763881E-002 8.7239280455022078E-002 8.5972458353564984E-002 8.4904444056750752E-002 8.4053632619932761E-002 8.3434922269546768E-002 8.3059280631617258E-002 8.2933421432025964E-002 8.3059604983433538E-002 8.3435570742679335E-002 8.4054604750081127E-002 8.4905739139268077E-002 8.5974075433776262E-002 8.7241218315568886E-002 8.8685802223188975E-002 9.0284089730330405E-002 9.2010618327569349E-002 9.3838871071777616E-002 9.5741946599013902E-002 9.7693205167113398E-002 9.9666869589480178E-002 0.10163856297376546 0.10358576888001982 0.10548820362968379 0.10732809478816167 0.10909036407579838 0.11076271692243593 0.11433734511942803 0.11877613954215013 0.12307104189881027 0.12721727764282120 0.13121222722647055 0.13505515633050971 0.13874692964346738 0.14228971998378365 0.14568672316033196 0.14894188729934024 0.15205966354844969 0.15504478321324136 0.15790206458535125
9.6772893259723214E-002 9.5473688847485860E-002 9.4299448643808348E-002 9.3269471384070060E-002 9.2401127450629464E-002 9.1709372377728984E-002 9.1206318715066514E-002 9.0900883363492502E-002 9.0798524726398808E-002 9.0901080502061249E-002 9.1206712851842925E-002 9.1709963229993266E-002 9.2401914589340994E-002 9.3270454228006602E-002 9.4300626451904485E-002 9.5475060709499057E-002 9.6774458085385345E-002 9.8178117146519917E-002 9.9664479193272315E-002 0.10121167299289434 0.10279804002458380 0.10440262305012890 0.10600560330560155 0.10758867461847731 0.10913534610158088 0.11063116856423306 0.11433287298620916 0.11872260627940638 0.12300397234814189 0.12716847932773032 0.13120974954593845 0.13512335910480328 0.13890664286597879 0.14255847564953875 0.14607904005122843 0.14946959046567979 0.15273222176689458 0.15586964974155149 0.15888500889322429 0.16178167172712293 0.16456309216462572
0.10246002372059326 0.10142257421106948 0.10048490988999012 9.9662441100035790E-002 9.8969038365738282E-002 9.8416643919533087E-002 9.8014929828147412E-002 9.7771016384695028E-002 9.7689262220045009E-002 9.7771134777608376E-002 9.8015166529471551E-002 9.8416998759069729E-002 9.8969511085226849E-002 9.9663031349652334E-002 0.10048561722376975 0.10142339808132854 0.10246096347144498 0.10358178301533157 0.10476864179804679 0.10600407534690222 0.10727078904801500 0.10855204827769425 0.10983202750685403 0.11109610903930861 0.11496925697049558 0.11923986177680844 0.12343854604728342 0.12755431366396672 0.13157800119278118 0.13550223080234589 0.13932131894300440 0.14303114883292220 0.14662901531176042 0.15011345069326401 0.15348403992476323 0.15674123270882681 0.15988615933502992 0.16292045588722198 0.16584610331190641 0.16866528362881134 0.17138025539863272
0.10732243806000233 0.10650878802038066 0.10577339622226993 0.10512834855237679 0.10458452326364093 0.10415128630634357 0.10383622320652836 0.10364491820909372 0.10358078966826173 0.10364498846477693 0.10383636366759003 0.10415149687147128 0.10458480377912011 0.10512869881002751 0.10577381595674869 0.10650927690589192 0.10732299570647412 0.10820200808295653 0.10913281290055822 0.11010171330637068 0.11109514566572612 0.11211081726420472 0.11623714532432475 0.12033863634742384 0.12440189365445106 0.12841481442626221 0.13236668584688399 0.13624823369564668 0.14005162629988788 0.14377043824685198 0.14739957939377860 0.15093519548648454 0.15437454709958662 0.15771587366707263 0.16095824911834899 0.16410143512295963 0.16714573723563028 0.17009186838426674 0.17294082321828236 0.17569376588995964 0.17835193292702534
0.11138325377219890 0.11075651012874571 0.11019004706441049 0.10969317410365884 0.10927427055470339 0.10894055082896095 0.10869785791220477 0.10855049324278850 0.10850108991614692 0.10855053443757906 0.10869794027216854 0.10894067429445493 0.10927443503524865 0.10969337947674172 0.11019029317391422 0.11075679678303826 0.11138358074190854 0.11206065893338597 0.11277763170959489 0.11416502470837893 0.11806821423766739 0.12197399400553730 0.12586971303144964 0.12974345916676611 0.13358420815224933 0.13738193586530745 0.14112769306954939 0.14481364353246007 0.14843306775334600 0.15198033568905431 0.15545085274337911 0.15884098388020035 0.16214796103071016 0.16536977900788585 0.16850508494604957 0.17155306588903091 0.17451333860237206 0.17738584503103599 0.18017075611138525 0.18286838591854654 0.18547911742584841
0.11469835560517595 0.11422419646365276 0.11379564184386090 0.11341973477059343 0.11310281452349072 0.11285033909189647 0.11266672892759319 0.11255523824093856 0.11251785907505668 0.11255526210873937 0.11266677664594515 0.11285041062606654 0.11310290982079858 0.11341985375972495 0.11379578443396965 0.11422436254326407 0.11469854504091145 0.11666970099837917 0.12035319080358062 0.12405888058223520 0.12777576631588614 0.13149310298280337 0.13520056716615286 0.13888839663712285 0.14254750386319201 0.14616956166502859 0.14974706050122283 0.15327333803514737 0.15674258267950347 0.16014981368061965 0.16349084096912864 0.16676220845313910 0.16996112466478758 0.17308538470344664 0.17613328727110758 0.17910355029714364 0.18199522823502662 0.18480763361882108 0.18754026492810824 0.19019274225950758 0.19276475177004743
0.11734540666609894 0.11699308412335628 0.11667464766840249 0.11639533057756105 0.11615984321384591 0.11597224110313371 0.11583580883559703 0.11575296443309604 0.11572518807210630 0.11575297809769292 0.11583583615484982 0.11597228205702877 0.11615989777203536 0.11639539869897556 0.11667472930074441 0.11948234746929252 0.12296646289429644 0.12648504738930552 0.13002915808069629 0.13358976429037120 0.13715789302683357 0.14072476453111882 0.14428191388709755 0.14782129552160236 0.15133536832745853 0.15481716008862109 0.15826031081967545 0.16165909550510699 0.16500842749745384 0.16830384447731805 0.17154147937201145 0.17471801896361172 0.17783065309165533 0.18087701737976944 0.18385513230576431 0.18676334121305682 0.18960024955321747 0.19236466728182194 0.19505555592917359 0.19767198145844025 0.20021307362778179
0.11941375294415328 0.11915663108337363 0.11892423886896307 0.11872039548716978 0.11854853850809803 0.11841162760918179 0.11831205984775769 0.11825159986946604 0.11823132789105054 0.11825160759985928 0.11831207530287366 0.11841165077760636 0.11921043711949016 0.12247698685533864 0.12579096115867591 0.12914585313631183 0.13253476207192136 0.13595050053141075 0.13938570531748304 0.14283294832777341 0.14628484355923629 0.14973414685467443 0.15317384547838281 0.15659723520334315 0.15999798325478157 0.16337017614537716 0.16670835211834109 0.17000751855180815 0.17326315524262820 0.17647120495753538 0.17962805300004836 0.18273049778521211 0.18577571454161171 0.18876121427766707 0.19168480006911068 0.19454452256280266 0.19733863636721508 0.20006555873165172 0.20272383162391683 0.20531208801765982 0.20782902291166355
0.12099593916669042 0.12081164145125635 0.12064506918561821 0.12049895984832791 0.12037577738695285 0.12027764320993961 0.12020627545652782 0.12016293897222015 0.12014840802441114 0.12016294329371338 0.12243729433183920 0.12556333109963380 0.12873766238762183 0.13195553422204667 0.13521177111014723 0.13850083978421876 0.14181692123876249 0.14515398836174759 0.14850588632742415 0.15186641292172690 0.15522939610628006 0.15858876638018435 0.16193862185076030 0.16527328435123215 0.16858734541811149 0.17187570143595249 0.17513357774522817 0.17835654196582099 0.18154050719334849 0.18468172606235375 0.18777677692870334 0.19082254359826120 0.19381619012017329 0.19675513217570895 0.19963700653619387 0.20245963994764599 0.20522101863859082 0.20791925945526002 0.21055258341883962 0.21311929228550253 0.21561774848285678
0.12218120329484175 0.12205146046651545 0.12193419605419688 0.12183133719814547 0.12174461847730106 0.12167553332868151 0.12162529129439298 0.12272098937109097 0.12568285220342026 0.12869567341723376 0.13175630630267327 0.13486121542137494 0.13800649575530619 0.14118790192936459 0.14440088642380988 0.14764064534124388 0.15090217001624093 0.15418030256670726 0.15746979339200487 0.16076535862540534 0.16406173564345725 0.16735373491307559 0.17063628670496067 0.17390448150242074 0.17715360326891041 0.18037915508600705 0.18357687701715295 0.18674275637403243 0.18987303084738275 0.19296418520114933 0.19601294241075337 0.19901625024924968 0.20197126438941287 0.20487532909867665 0.20772595656344506 0.21052080579769847 0.21325766197739002 0.21593441690678752 0.21854905117541612 0.22109961841366724 0.22358423190935783
0.12305101077514824 0.12296130316429739 0.12288022344064259 0.12280910407784146 0.12327121350938537 0.12608658633245454 0.12895418146246315 0.13187175031256237 0.13483676965319810 0.13784643327464663 0.14089765109584490 0.14398705587447549 0.14711101735760423 0.15026566340494807 0.15344690733441158 0.15665048049658764 0.15987196889365352 0.16310685252739607 0.16635054609606997 0.16959843966154034 0.17284593797385714 0.17608849726363726 0.17932165848396420 0.18254107619126708 0.18574254248574246 0.18892200567278572 0.19207558354447921 0.19519957140251101 0.19829044514091224 0.20134485987095030 0.20435964469626589 0.20733179433140006 0.21025845830129919 0.21313692846553875 0.21596462558308158 0.21873908557697819 0.22145794608000541 0.22411893374867214 0.22671985273105250 0.22925857456979817 0.23173302972090146
0.12367645795672491 0.12411139464001228 0.12678510831295009 0.12951312925060735 0.13229353201819183 0.13512423373943025 0.13800297676987289 0.14092731494983401 0.14389460410675259 0.14690199731175435 0.14994644520337419 0.15302470148275443 0.15613333347026134 0.15926873740482303 0.16242715797548329 0.16560471140967731 0.16879741131284604 0.17200119636524283 0.17521195893762326 0.17842557368869191 0.18163792525179165 0.18484493420200346 0.18804258061117590 0.19122692463948790 0.19439412376908743 0.19754044644894941 0.20066228208143616 0.20375614743203097 0.20681868967750902 0.20984668641915616 0.21283704307304624 0.21578678810716198 0.21869306662533056 0.22155313280213665 0.22436434165402072 0.22712414059347832 0.22983006116003854 0.23247971125817488 0.23507076816306899 0.23760097248446468 0.24006812321042706
0.13043454610060293 0.13307245204968565 0.13576450213950864 0.13850860692709582 0.14130256974504549 0.14414407419134809 0.14703067348788965 0.14995978224011750 0.15292867104368327 0.15593446427381083 0.15897414126518522 0.16204454095098741 0.16514236988670739 0.16826421344520295 0.17140654984153050 0.17456576653602471 0.17773817847746454 0.18092004758895472 0.18410760286969374 0.18729706048658326 0.19048464325938924 0.19366659899897631 0.19683921723574166 0.19999884396947556 0.20314189417655182 0.20626486191947296 0.20936432801140814 0.21243696528907310 0.21547954163654276 0.21848892097686090 0.22146206250527886 0.22439601847649679 0.22728793087842700 0.23013502732780203 0.23293461651032188 0.23568408346250561 0.23838088495691964 0.24102254521009731 0.24360665208630505 0.24613085392318179 0.24859285705965833
