examples/Kurganov2007/200x200/topography_dem.asc
ncols   201
nrows   201
xllcorner          -1.000
yllcorner          -1.000
cellsize           0.010
NODATA_value -9999
[rows 162 to 179 of 201, columns 123 to 163 of 201]
0.45053118841903828 0.45285471264591487 0.45511068031410062 0.45729686505814326 0.45941110937971386 0.46145132677678968 0.46341550380277907 0.46530170205355503 0.46710806008043559 0.46883279522722127 0.47047420538947660 0.47203067069431731 0.47350065509904576 0.47488270790705595 0.47617546519951148 0.47737765118138364 0.47848807944052019 0.47950565411850360 0.48042937099214145 0.48125831846452305 0.48199167846466379 0.48262872725484934 0.48316883614488326 0.48361147211253319 0.48395619832956366 0.48420267459283567 0.48435065766004914 0.48440000148979567 0.48435065738568545 0.48420267404440598 0.48395619750766533 0.48361147101806734 0.48316883477906136 0.48262872561920245 0.48199167656105540 0.48125831629516508 0.48042936855961577 0.47950565142578855 0.47848807649102426 0.47737764797898630 0.47617546174861364
0.46303118874359334 0.46535471291137176 0.46761068052992155 0.46979686523255948 0.47191110951982546 0.47395132688867025 0.47591550389158227 0.47780170212361917 0.47960806013538404 0.48133279527005712 0.48297420542266994 0.48453067071988465 0.48600065511862106 0.48738270792195371 0.48867546521078137 0.48987765118985777 0.49098807944685391 0.49200565412320890 0.49292937099561585 0.49375831846707302 0.49449167846652387 0.49512872725619778 0.49566883614585477 0.49611147211322870 0.49645619833005838 0.49670267459318518 0.49685065766029440 0.49690000148996649 0.49685065738580353 0.49670267404448681 0.49645619750772008 0.49611147101810404 0.49566883477908552 0.49512872561921817 0.49449167656106524 0.49375831629517103 0.49292936855961905 0.49200565142579017 0.49098807649102477 0.48987764797898609 0.48867546174861298
0.47573118889696481 0.47805471303681596 0.48031068063190979 0.48249686531498159 0.48461110958603654 0.48665132694154062 0.48861550393354725 0.49050170215672872 0.49230806016135054 0.49403279529029975 0.49567420543835600 0.49723067073196686 0.49870065512787176 0.50008270792899390 0.50137546521610710 0.50257765119386255 0.50368807944984717 0.50470565412543267 0.50562937099725802 0.50645831846827827 0.50719167846740310 0.50782872725683526 0.50836883614631401 0.50881147211355748 0.50915619833029224 0.50940267459335054 0.50955065766041052 0.50960000149004736 0.50955065738585947 0.50940267404452522 0.50915619750774610 0.50881147101812152 0.50836883477909711 0.50782872561922576 0.50719167656107011 0.50645831629517390 0.50562936855962071 0.50470565142579105 0.50368807649102509 0.50257764797898596 0.50137546174861281
0.48863118896811325 0.49095471309500893 0.49321068067922175 0.49539686535321692 0.49751110961675171 0.49955132696606697 0.50151550395301470 0.50340170217208813 0.50520806017339637 0.50693279529969026 0.50857420544563270 0.51013067073757190 0.51160065513216313 0.51298270793225997 0.51427546521857792 0.51547765119572042 0.51658807945123575 0.51760565412646431 0.51852937099801977 0.51935831846883740 0.52009167846781101 0.52072872725713104 0.52126883614652719 0.52171147211371016 0.52205619833040084 0.52230267459342727 0.52245065766046428 0.52250000149008502 0.52245065738588548 0.52230267404454311 0.52205619750775833 0.52171147101812976 0.52126883477910257 0.52072872561922934 0.52009167656107225 0.51935831629517526 0.51852936855962162 0.51760565142579140 0.51658807649102523 0.51547764797898599 0.51427546174861272
0.50173118900051439 0.50405471312151018 0.50631068070076768 0.50849686537062933 0.51061110963073941 0.51265132697723637 0.51461550396188016 0.51650170217908298 0.51830806017888209 0.52003279530396684 0.52167420544894660 0.52323067074012442 0.52470065513411757 0.52608270793374734 0.52737546521970302 0.52857765119656652 0.52968807945186813 0.53070565412693416 0.53162937099836682 0.53245831846909208 0.53319167846799675 0.53382872725726571 0.53436883614662423 0.53481147211377966 0.53515619833045025 0.53540267459346225 0.53555065766048882 0.53560000149010212 0.53555065738589736 0.53540267404455122 0.53515619750776378 0.53481147101813342 0.53436883477910502 0.53382872561923089 0.53319167656107325 0.53245831629517593 0.53162936855962195 0.53070565142579162 0.52968807649102534 0.52857764797898610 0.52737546174861272
0.51503118901500011 0.51735471313335823 0.51961068071040040 0.52179686537841397 0.52391110963699294 0.52595132698222991 0.52791550396584375 0.52980170218221023 0.53160806018133477 0.53333279530587874 0.53497420545042818 0.53653067074126559 0.53800065513499129 0.53938270793441234 0.54067546522020626 0.54187765119694475 0.54298807945215088 0.54400565412714419 0.54492937099852190 0.54575831846920597 0.54649167846807978 0.54712872725732598 0.54766883614666761 0.54811147211381073 0.54845619833047254 0.54870267459347788 0.54885065766049990 0.54890000149010976 0.54885065738590255 0.54870267404455486 0.54845619750776642 0.54811147101813507 0.54766883477910611 0.54712872561923165 0.54649167656107389 0.54575831629517635 0.54492936855962215 0.54400565142579171 0.54298807649102543 0.54187764797898619 0.54067546174861270
0.52853118902135798 0.53085471313855848 0.53311068071462830 0.53529686538183086 0.53741110963973782 0.53945132698442166 0.54141550396758331 0.54330170218358276 0.54510806018241109 0.54683279530671791 0.54847420545107839 0.55003067074176648 0.55150065513537483 0.55288270793470429 0.55417546522042693 0.55537765119711080 0.55648807945227508 0.55750565412723641 0.55842937099858991 0.55925831846925589 0.55999167846811626 0.56062872725735236 0.56116883614668667 0.56161147211382445 0.56195619833048216 0.56220267459348472 0.56235065766050474 0.56240000149011316 0.56235065738590495 0.56220267404455637 0.56195619750776749 0.56161147101813591 0.56116883477910673 0.56062872561923194 0.55999167656107407 0.55925831629517642 0.55842936855962211 0.55750565142579189 0.55648807649102539 0.55537764797898614 0.55417546174861265
0.54223118902409750 0.54455471314079917 0.54681068071645011 0.54899686538330306 0.55111110964092047 0.55315132698536607 0.55511550396833298 0.55700170218417422 0.55880806018287499 0.56053279530707956 0.56217420545135866 0.56373067074198235 0.56520065513554008 0.56658270793482990 0.56787546522052212 0.56907765119718245 0.57018807945232841 0.57120565412727609 0.57212937099861927 0.57295831846927747 0.57369167846813196 0.57432872725736372 0.57486883614669493 0.57531147211383038 0.57565619833048642 0.57590267459348776 0.57605065766050689 0.57610000149011464 0.57605065738590588 0.57590267404455719 0.57565619750776797 0.57531147101813618 0.57486883477910700 0.57432872561923209 0.57369167656107412 0.57295831629517657 0.57212936855962226 0.57120565142579194 0.57018807649102543 0.56907764797898619 0.56787546174861270
0.55613118902525649 0.55845471314174711 0.56071068071722063 0.56289686538392592 0.56501110964142076 0.56705132698576555 0.56901550396865008 0.57090170218442438 0.57270806018307119 0.57443279530723257 0.57607420545147714 0.57763067074207364 0.57910065513560993 0.58048270793488321 0.58177546522056245 0.58297765119721257 0.58408807945235108 0.58510565412729298 0.58602937099863173 0.58685831846928660 0.58759167846813865 0.58822872725736863 0.58876883614669839 0.58921147211383273 0.58955619833048822 0.58980267459348901 0.58995065766050769 0.59000000149011522 0.58995065738590635 0.58980267404455744 0.58955619750776811 0.58921147101813631 0.58876883477910691 0.58822872561923223 0.58759167656107425 0.58685831629517649 0.58602936855962229 0.58510565142579185 0.58408807649102545 0.58297764797898621 0.58177546174861272
0.57023118902573788 0.57255471314214079 0.57481068071754071 0.57699686538418460 0.57911110964162860 0.58115132698593142 0.58311550396878176 0.58500170218452829 0.58680806018315279 0.58853279530729607 0.59017420545152643 0.59173067074211150 0.59320065513563902 0.59458270793490531 0.59587546522057910 0.59707765119722522 0.59818807945236052 0.59920565412729998 0.60012937099863695 0.60095831846929038 0.60169167846814142 0.60232872725737063 0.60286883614669984 0.60331147211383385 0.60365619833048900 0.60390267459348956 0.60405065766050814 0.60410000149011545 0.60405065738590658 0.60390267404455755 0.60365619750776822 0.60331147101813642 0.60286883477910702 0.60232872561923223 0.60169167656107425 0.60095831629517660 0.60012936855962229 0.59920565142579185 0.59818807649102546 0.59707764797898621 0.59587546174861272
0.58453118902593426 0.58685471314230142 0.58911068071767136 0.59129686538429016 0.59341110964171329 0.59545132698599923 0.59741550396883547 0.59930170218457068 0.60110806018318597 0.60283279530732192 0.60447420545154651 0.60603067074212702 0.60750065513565088 0.60888270793491428 0.61017546522058597 0.61137765119723042 0.61248807945236428 0.61350565412730285 0.61442937099863904 0.61525831846929191 0.61599167846814251 0.61662872725737139 0.61716883614670048 0.61761147211383438 0.61795619833048920 0.61820267459348976 0.61835065766050823 0.61840000149011554 0.61835065738590667 0.61820267404455764 0.61795619750776831 0.61761147101813652 0.61716883477910711 0.61662872561923221 0.61599167656107423 0.61525831629517658 0.61442936855962227 0.61350565142579194 0.61248807649102543 0.61137764797898619 0.61017546174861270
0.59903118902601282 0.60135471314236566 0.60361068071772361 0.60579686538433231 0.60791110964174733 0.60995132698602628 0.61191550396885708 0.61380170218458763 0.61560806018319925 0.61733279530733232 0.61897420545155457 0.62053067074213331 0.62200065513565561 0.62338270793491790 0.62467546522058859 0.62587765119723238 0.62698807945236590 0.62800565412730391 0.62892937099863988 0.62975831846929253 0.63049167846814302 0.63112872725737179 0.63166883614670077 0.63211147211383445 0.63245619833048927 0.63270267459348994 0.63285065766050830 0.63290000149011572 0.63285065738590673 0.63270267404455771 0.63245619750776827 0.63211147101813647 0.63166883477910707 0.63112872561923228 0.63049167656107419 0.62975831629517653 0.62892936855962234 0.62800565142579190 0.62698807649102550 0.62587764797898615 0.62467546174861277
0.61373118902604373 0.61605471314239091 0.61831068071774420 0.62049686538434901 0.62261110964176070 0.62465132698603698 0.62661550396886545 0.62850170218459434 0.63030806018320451 0.63203279530733636 0.63367420545155762 0.63523067074213568 0.63670065513565755 0.63808270793491939 0.63937546522058974 0.64057765119723331 0.64168807945236661 0.64270565412730452 0.64362937099864015 0.64445831846929280 0.64519167846814318 0.64582872725737184 0.64636883614670071 0.64681147211383461 0.64715619833048943 0.64740267459348988 0.64755065766050834 0.64760000149011565 0.64755065738590678 0.64740267404455765 0.64715619750776832 0.64681147101813652 0.64636883477910712 0.64582872561923221 0.64519167656107423 0.64445831629517658 0.64362936855962227 0.64270565142579195 0.64168807649102544 0.64057764797898620 0.63937546174861271
0.62863118902605575 0.63095471314240070 0.63321068071775211 0.63539686538435536 0.63751110964176572 0.63955132698604111 0.64151550396886869 0.64340170218459691 0.64520806018320653 0.64693279530733794 0.64857420545155886 0.65013067074213660 0.65160065513565824 0.65298270793491986 0.65427546522059021 0.65547765119723356 0.65658807945236675 0.65760565412730465 0.65852937099864028 0.65935831846929283 0.66009167846814332 0.66072872725737197 0.66126883614670084 0.66171147211383463 0.66205619833048945 0.66230267459348990 0.66245065766050837 0.66250000149011568 0.66245065738590669 0.66230267404455767 0.66205619750776834 0.66171147101813654 0.66126883477910714 0.66072872561923224 0.66009167656107426 0.65935831629517661 0.65852936855962230 0.65760565142579197 0.65658807649102546 0.65547764797898622 0.65427546174861273
0.64373118902606019 0.64605471314240448 0.64831068071775511 0.65049686538435780 0.65261110964176783 0.65465132698604267 0.65661550396887003 0.65850170218459791 0.66030806018320731 0.66203279530733861 0.66367420545155942 0.66523067074213704 0.66670065513565857 0.66808270793492008 0.66937546522059033 0.67057765119723367 0.67168807945236686 0.67270565412730476 0.67362937099864040 0.67445831846929294 0.67519167846814332 0.67582872725737198 0.67636883614670085 0.67681147211383463 0.67715619833048946 0.67740267459348991 0.67755065766050837 0.67760000149011568 0.67755065738590681 0.67740267404455767 0.67715619750776834 0.67681147101813655 0.67636883477910714 0.67582872561923224 0.67519167656107426 0.67445831629517661 0.67362936855962230 0.67270565142579197 0.67168807649102547 0.67057764797898622 0.66937546174861273
0.65903118902606184 0.66135471314240579 0.66361068071775620 0.66579686538435867 0.66791110964176847 0.66995132698604321 0.67191550396887045 0.67380170218459823 0.67560806018320763 0.67733279530733881 0.67897420545155951 0.68053067074213713 0.68200065513565855 0.68338270793492029 0.68467546522059042 0.68587765119723376 0.68698807945236695 0.68800565412730474 0.68892937099864049 0.68975831846929303 0.69049167846814330 0.69112872725737207 0.69166883614670083 0.69211147211383461 0.69245619833048944 0.69270267459348989 0.69285065766050835 0.69290000149011566 0.69285065738590679 0.69270267404455765 0.69245619750776832 0.69211147101813653 0.69166883477910712 0.69112872561923233 0.69049167656107424 0.68975831629517659 0.68892936855962239 0.68800565142579195 0.68698807649102556 0.68587764797898620 0.68467546174861282
0.67453118902606246 0.67685471314240631 0.67911068071775660 0.68129686538435896 0.68341110964176877 0.68545132698604339 0.68741550396887063 0.68930170218459841 0.69110806018320770 0.69283279530733899 0.69447420545155969 0.69603067074213720 0.69750065513565873 0.69888270793492024 0.70017546522059049 0.70137765119723372 0.70248807945236691 0.70350565412730470 0.70442937099864045 0.70525831846929299 0.70599167846814337 0.70662872725737202 0.70716883614670090 0.70761147211383457 0.70795619833048951 0.70820267459348996 0.70835065766050842 0.70840000149011573 0.70835065738590675 0.70820267404455772 0.70795619750776839 0.70761147101813648 0.70716883477910708 0.70662872561923229 0.70599167656107431 0.70525831629517666 0.70442936855962235 0.70350565142579191 0.70248807649102551 0.70137764797898627 0.70017546174861278
0.69023118902606273 0.69255471314240646 0.69481068071775676 0.69699686538435912 0.69911110964176892 0.70115132698604354 0.70311550396887079 0.70500170218459846 0.70680806018320774 0.70853279530733893 0.71017420545155974 0.71173067074213725 0.71320065513565867 0.71458270793492029 0.71587546522059042 0.71707765119723377 0.71818807945236696 0.71920565412730475 0.72012937099864049 0.72095831846929304 0.72169167846814342 0.72232872725737207 0.72286883614670094 0.72331147211383462 0.72365619833048944 0.72390267459349000 0.72405065766050836 0.72410000149011577 0.72405065738590679 0.72390267404455777 0.72365619750776833 0.72331147101813653 0.72286883477910713 0.72232872561923234 0.72169167656107425 0.72095831629517659 0.72012936855962240 0.71920565142579196 0.71818807649102556 0.71707764797898621 0.71587546174861283
