examples/Lister1992/200x100/topography_dem.asc
ncols 200
nrows 100
xllcorner 0
yllcorner -0.25
cellsize 0.005
NODATA_value  -9999
[rows 56 to 83 of 100, columns 124 to 185 of 200]
0.016455 0.016236 0.016016 0.015797 0.015578 0.015358 0.015139 0.014919 0.0147 0.014481 0.014261 0.014042 0.013822 0.013603 0.013384 0.013164 0.012945 0.012725 0.012506 0.012286 0.012067 0.011848 0.011628 0.011409 0.011189 0.01097 0.010751 0.010531 0.010312 0.010092 0.0098731 0.0096537 0.0094343 0.0092149 0.0089955 0.0087761 0.0085567 0.0083373 0.0081179 0.0078985 0.0076791 0.0074597 0.0072403 0.0070209 0.0068015 0.0065821 0.0063626 0.0061432 0.0059238 0.0057044 0.005485 0.0052656 0.0050462 0.0048268 0.0046074 0.004388 0.0041686 0.0039492 0.0037298 0.0035104 0.003291 0.0030716
0.016455 0.016236 0.016016 0.015797 0.015578 0.015358 0.015139 0.014919 0.0147 0.014481 0.014261 0.014042 0.013822 0.013603 0.013384 0.013164 0.012945 0.012725 0.012506 0.012286 0.012067 0.011848 0.011628 0.011409 0.011189 0.01097 0.010751 0.010531 0.010312 0.010092 0.0098731 0.0096537 0.0094343 0.0092149 0.0089955 0.0087761 0.0085567 0.0083373 0.0081179 0.0078985 0.0076791 0.0074597 0.0072403 0.0070209 0.0068015 0.0065821 0.0063626 0.0061432 0.0059238 0.0057044 0.005485 0.0052656 0.0050462 0.0048268 0.0046074 0.004388 0.0041686 0.0039492 0.0037298 0.0035104 0.003291 0.0030716
0.016455 0.016236 0.016016 0.015797 0.015578 0.015358 0.015139 0.014919 0.0147 0.014481 0.014261 0.014042 0.013822 0.013603 0.013384 0.013164 0.012945 0.012725 0.012506 0.012286 0.012067 0.011848 0.011628 0.011409 0.011189 0.01097 0.010751 0.010531 0.010312 0.010092 0.0098731 0.0096537 0.0094343 0.0092149 0.0089955 0.0087761 0.0085567 0.0083373 0.0081179 0.0078985 0.0076791 0.0074597 0.0072403 0.0070209 0.0068015 0.0065821 0.0063626 0.0061432 0.0059238 0.0057044 0.005485 0.0052656 0.0050462 0.0048268 0.0046074 0.004388 0.0041686 0.0039492 0.0037298 0.0035104 0.003291 0.0030716
0.016455 0.016236 0.016016 0.015797 0.015578 0.015358 0.015139 0.014919 0.0147 0.014481 0.014261 0.014042 0.013822 0.013603 0.013384 0.013164 0.012945 0.012725 0.012506 0.012286 0.012067 0.011848 0.011628 0.011409 0.011189 0.01097 0.010751 0.010531 0.010312 0.010092 0.0098731 0.0096537 0.0094343 0.0092149 0.0089955 0.0087761 0.0085567 0.0083373 0.0081179 0.0078985 0.0076791 0.0074597 0.0072403 0.0070209 0.0068015 0.0065821 0.0063626 0.0061432 0.0059238 0.0057044 0.005485 0.0052656 0.0050462 0.0048268 0.0046074 0.004388 0.0041686 0.0039492 0.0037298 0.0035104 0.003291 0.0030716
0.016455 0.016236 0.016016 0.015797 0.015578 0.015358 0.015139 0.014919 0.0147 0.014481 0.014261 0.014042 0.013822 0.013603 0.013384 0.013164 0.012945 0.012725 0.012506 0.012286 0.012067 0.011848 0.011628 0.011409 0.011189 0.01097 0.010751 0.010531 0.010312 0.010092 0.0098731 0.0096537 0.0094343 0.0092149 0.0089955 0.0087761 0.0085567 0.0083373 0.0081179 0.0078985 0.0076791 0.0074597 0.0072403 0.0070209 0.0068015 0.0065821 0.0063626 0.0061432 0.0059238 0.0057044 0.005485 0.0052656 0.0050462 0.0048268 0.0046074 0.004388 0.0041686 0.0039492 0.0037298 0.0035104 0.003291 0.0030716
0.016455 0.016236 0.016016 0.015797 0.015578 0.015358 0.015139 0.014919 0.0147 0.014481 0.014261 0.014042 0.013822 0.013603 0.013384 0.013164 0.012945 0.012725 0.012506 0.012286 0.012067 0.011848 0.011628 0.011409 0.011189 0.01097 0.010751 0.010531 0.010312 0.010092 0.0098731 0.0096537 0.0094343 0.0092149 0.0089955 0.0087761 0.0085567 0.0083373 0.0081179 0.0078985 0.0076791 0.0074597 0.0072403 0.0070209 0.0068015 0.0065821 0.0063626 0.0061432 0.0059238 0.0057044 0.005485 0.0052656 0.0050462 0.0048268 0.0046074 0.004388 0.0041686 0.0039492 0.0037298 0.0035104 0.003291 0.0030716
0.016455 0.016236 0.016016 0.015797 0.015578 0.015358 0.015139 0.014919 0.0147 0.014481 0.014261 0.014042 0.013822 0.013603 0.013384 0.013164 0.012945 0.012725 0.012506 0.012286 0.012067 0.011848 0.011628 0.011409 0.011189 0.01097 0.010751 0.010531 0.010312 0.010092 0.0098731 0.0096537 0.0094343 0.0092149 0.0089955 0.0087761 0.0085567 0.0083373 0.0081179 0.0078985 0.0076791 0.0074597 0.0072403 0.0070209 0.0068015 0.0065821 0.0063626 0.0061432 0.0059238 0.0057044 0.005485 0.0052656 0.0050462 0.0048268 0.0046074 0.004388 0.0041686 0.0039492 0.0037298 0.0035104 0.003291 0.0030716
0.016455 0.016236 0.016016 0.015797 0.015578 0.015358 0.015139 0.014919 0.0147 0.014481 0.014261 0.014042 0.013822 0.013603 0.013384 0.013164 0.012945 0.012725 0.012506 0.012286 0.012067 0.011848 0.011628 0.011409 0.011189 0.01097 0.010751 0.010531 0.010312 0.010092 0.0098731 0.0096537 0.0094343 0.0092149 0.0089955 0.0087761 0.0085567 0.0083373 0.0081179 0.0078985 0.0076791 0.0074597 0.0072403 0.0070209 0.0068015 0.0065821 0.0063626 0.0061432 0.0059238 0.0057044 0.005485 0.0052656 0.0050462 0.0048268 0.0046074 0.004388 0.0041686 0.0039492 0.0037298 0.0035104 0.003291 0.0030716
0.016455 0.016236 0.016016 0.015797 0.015578 0.015358 0.015139 0.014919 0.0147 0.014481 0.014261 0.014042 0.013822 0.013603 0.013384 0.013164 0.012945 0.012725 0.012506 0.012286 0.012067 0.011848 0.011628 0.011409 0.011189 0.01097 0.010751 0.010531 0.010312 0.010092 0.0098731 0.0096537 0.0094343 0.0092149 0.0089955 0.0087761 0.0085567 0.0083373 0.0081179 0.0078985 0.0076791 0.0074597 0.0072403 0.0070209 0.0068015 0.0065821 0.0063626 0.0061432 0.0059238 0.0057044 0.005485 0.0052656 0.0050462 0.0048268 0.0046074 0.004388 0.0041686 0.0039492 0.0037298 0.0035104 0.003291 0.0030716
0.016455 0.016236 0.016016 0.015797 0.015578 0.015358 0.015139 0.014919 0.0147 0.014481 0.014261 0.014042 0.013822 0.013603 0.013384 0.013164 0.012945 0.012725 0.012506 0.012286 0.012067 0.011848 0.011628 0.011409 0.011189 0.01097 0.010751 0.010531 0.010312 0.010092 0.0098731 0.0096537 0.0094343 0.0092149 0.0089955 0.0087761 0.0085567 0.0083373 0.0081179 0.0078985 0.0076791 0.0074597 0.0072403 0.0070209 0.0068015 0.0065821 0.0063626 0.0061432 0.0059238 0.0057044 0.005485 0.0052656 0.0050462 0.0048268 0.0046074 0.004388 0.0041686 0.0039492 0.0037298 0.0035104 0.003291 0.0030716
0.016455 0.016236 0.016016 0.015797 0.015578 0.015358 0.015139 0.014919 0.0147 0.014481 0.014261 0.014042 0.013822 0.013603 0.013384 0.013164 0.012945 0.012725 0.012506 0.012286 0.012067 0.011848 0.011628 0.011409 0.011189 0.01097 0.010751 0.010531 0.010312 0.010092 0.0098731 0.0096537 0.0094343 0.0092149 0.0089955 0.0087761 0.0085567 0.0083373 0.0081179 0.0078985 0.0076791 0.0074597 0.0072403 0.0070209 0.0068015 0.0065821 0.0063626 0.0061432 0.0059238 0.0057044 0.005485 0.0052656 0.0050462 0.0048268 0.0046074 0.004388 0.0041686 0.0039492 0.0037298 0.0035104 0.003291 0.0030716
0.016455 0.016236 0.016016 0.015797 0.015578 0.015358 0.015139 0.014919 0.0147 0.014481 0.014261 0.014042 0.013822 0.013603 0.013384 0.013164 0.012945 0.012725 0.012506 0.012286 0.012067 0.011848 0.011628 0.011409 0.011189 0.01097 0.010751 0.010531 0.010312 0.010092 0.0098731 0.0096537 0.0094343 0.0092149 0.0089955 0.0087761 0.0085567 0.0083373 0.0081179 0.0078985 0.0076791 0.0074597 0.0072403 0.0070209 0.0068015 0.0065821 0.0063626 0.0061432 0.0059238 0.0057044 0.005485 0.0052656 0.0050462 0.0048268 0.0046074 0.004388 0.0041686 0.0039492 0.0037298 0.0035104 0.003291 0.0030716
0.016455 0.016236 0.016016 0.015797 0.015578 0.015358 0.015139 0.014919 0.0147 0.014481 0.014261 0.014042 0.013822 0.013603 0.013384 0.013164 0.012945 0.012725 0.012506 0.012286 0.012067 0.011848 0.011628 0.011409 0.011189 0.01097 0.010751 0.010531 0.010312 0.010092 0.0098731 0.0096537 0.0094343 0.0092149 0.0089955 0.0087761 0.0085567 0.0083373 0.0081179 0.0078985 0.0076791 0.0074597 0.0072403 0.0070209 0.0068015 0.0065821 0.0063626 0.0061432 0.0059238 0.0057044 0.005485 0.0052656 0.0050462 0.0048268 0.0046074 0.004388 0.0041686 0.0039492 0.0037298 0.0035104 0.003291 0.0030716
0.016455 0.016236 0.016016 0.015797 0.015578 0.015358 0.015139 0.014919 0.0147 0.014481 0.014261 0.014042 0.013822 0.013603 0.013384 0.013164 0.012945 0.012725 0.012506 0.012286 0.012067 0.011848 0.011628 0.011409 0.011189 0.01097 0.010751 0.010531 0.010312 0.010092 0.0098731 0.0096537 0.0094343 0.0092149 0.0089955 0.0087761 0.0085567 0.0083373 0.0081179 0.0078985 0.0076791 0.0074597 0.0072403 0.0070209 0.0068015 0.0065821 0.0063626 0.0061432 0.0059238 0.0057044 0.005485 0.0052656 0.0050462 0.0048268 0.0046074 0.004388 0.0041686 0.0039492 0.0037298 0.0035104 0.003291 0.0030716
0.016455 0.016236 0.016016 0.015797 0.015578 0.015358 0.015139 0.014919 0.0147 0.014481 0.014261 0.014042 0.013822 0.013603 0.013384 0.013164 0.012945 0.012725 0.012506 0.012286 0.012067 0.011848 0.011628 0.011409 0.011189 0.01097 0.010751 0.010531 0.010312 0.010092 0.0098731 0.0096537 0.0094343 0.0092149 0.0089955 0.0087761 0.0085567 0.0083373 0.0081179 0.0078985 0.0076791 0.0074597 0.0072403 0.0070209 0.0068015 0.0065821 0.0063626 0.0061432 0.0059238 0.0057044 0.005485 0.0052656 0.0050462 0.0048268 0.0046074 0.004388 0.0041686 0.0039492 0.0037298 0.0035104 0.003291 0.0030716
0.016455 0.016236 0.016016 0.015797 0.015578 0.015358 0.015139 0.014919 0.0147 0.014481 0.014261 0.014042 0.013822 0.013603 0.013384 0.013164 0.012945 0.012725 0.012506 0.012286 0.012067 0.011848 0.011628 0.011409 0.011189 0.01097 0.010751 0.010531 0.010312 0.010092 0.0098731 0.0096537 0.0094343 0.0092149 0.0089955 0.0087761 0.0085567 0.0083373 0.0081179 0.0078985 0.0076791 0.0074597 0.0072403 0.0070209 0.0068015 0.0065821 0.0063626 0.0061432 0.0059238 0.0057044 0.005485 0.0052656 0.0050462 0.0048268 0.0046074 0.004388 0.0041686 0.0039492 0.0037298 0.0035104 0.003291 0.0030716
0.016455 0.016236 0.016016 0.015797 0.015578 0.015358 0.015139 0.014919 0.0147 0.014481 0.014261 0.014042 0.013822 0.013603 0.013384 0.013164 0.012945 0.012725 0.012506 0.012286 0.012067 0.011848 0.011628 0.011409 0.011189 0.01097 0.010751 0.010531 0.010312 0.010092 0.0098731 0.0096537 0.0094343 0.0092149 0.0089955 0.0087761 0.0085567 0.0083373 0.0081179 0.0078985 0.0076791 0.0074597 0.0072403 0.0070209 0.0068015 0.0065821 0.0063626 0.0061432 0.0059238 0.0057044 0.005485 0.0052656 0.0050462 0.0048268 0.0046074 0.004388 0.0041686 0.0039492 0.0037298 0.0035104 0.003291 0.0030716
0.016455 0.016236 0.016016 0.015797 0.015578 0.015358 0.015139 0.014919 0.0147 0.014481 0.014261 0.014042 0.013822 0.013603 0.013384 0.013164 0.012945 0.012725 0.012506 0.012286 0.012067 0.011848 0.011628 0.011409 0.011189 0.01097 0.010751 0.010531 0.010312 0.010092 0.0098731 0.0096537 0.0094343 0.0092149 0.0089955 0.0087761 0.0085567 0.0083373 0.0081179 0.0078985 0.0076791 0.0074597 0.0072403 0.0070209 0.0068015 0.0065821 0.0063626 0.0061432 0.0059238 0.0057044 0.005485 0.0052656 0.0050462 0.0048268 0.0046074 0.004388 0.0041686 0.0039492 0.0037298 0.0035104 0.003291 0.0030716
0.016455 0.016236 0.016016 0.015797 0.015578 0.015358 0.015139 0.014919 0.0147 0.014481 0.014261 0.014042 0.013822 0.013603 0.013384 0.013164 0.012945 0.012725 0.012506 0.012286 0.012067 0.011848 0.011628 0.011409 0.011189 0.01097 0.010751 0.010531 0.010312 0.010092 0.0098731 0.0096537 0.0094343 0.0092149 0.0089955 0.0087761 0.0085567 0.0083373 0.0081179 0.0078985 0.0076791 0.0074597 0.0072403 0.0070209 0.0068015 0.0065821 0.0063626 0.0061432 0.0059238 0.0057044 0.005485 0.0052656 0.0050462 0.0048268 0.0046074 0.004388 0.0041686 0.0039492 0.0037298 0.0035104 0.003291 0.0030716
0.016455 0.016236 0.016016 0.015797 0.015578 0.015358 0.015139 0.014919 0.0147 0.014481 0.014261 0.014042 0.013822 0.013603 0.013384 0.013164 0.012945 0.012725 0.012506 0.012286 0.012067 0.011848 0.011628 0.011409 0.011189 0.01097 0.010751 0.010531 0.010312 0.010092 0.0098731 0.0096537 0.0094343 0.0092149 0.0089955 0.0087761 0.0085567 0.0083373 0.0081179 0.0078985 0.0076791 0.0074597 0.0072403 0.0070209 0.0068015 0.0065821 0.0063626 0.0061432 0.0059238 0.0057044 0.005485 0.0052656 0.0050462 0.0048268 0.0046074 0.004388 0.0041686 0.0039492 0.0037298 0.0035104 0.003291 0.0030716
0.016455 0.016236 0.016016 0.015797 0.015578 0.015358 0.015139 0.014919 0.0147 0.014481 0.014261 0.014042 0.013822 0.013603 0.013384 0.013164 0.012945 0.012725 0.012506 0.012286 0.012067 0.011848 0.011628 0.011409 0.011189 0.01097 0.010751 0.010531 0.010312 0.010092 0.0098731 0.0096537 0.0094343 0.0092149 0.0089955 0.0087761 0.0085567 0.0083373 0.0081179 0.0078985 0.0076791 0.0074597 0.0072403 0.0070209 0.0068015 0.0065821 0.0063626 0.0061432 0.0059238 0.0057044 0.005485 0.0052656 0.0050462 0.0048268 0.0046074 0.004388 0.0041686 0.0039492 0.0037298 0.0035104 0.003291 0.0030716
0.016455 0.016236 0.016016 0.015797 0.015578 0.015358 0.015139 0.014919 0.0147 0.014481 0.014261 0.014042 0.013822 0.013603 0.013384 0.013164 0.012945 0.012725 0.012506 0.012286 0.012067 0.011848 0.011628 0.011409 0.011189 0.01097 0.010751 0.010531 0.010312 0.010092 0.0098731 0.0096537 0.0094343 0.0092149 0.0089955 0.0087761 0.0085567 0.0083373 0.0081179 0.0078985 0.0076791 0.0074597 0.0072403 0.0070209 0.0068015 0.0065821 0.0063626 0.0061432 0.0059238 0.0057044 0.005485 0.0052656 0.0050462 0.0048268 0.0046074 0.004388 0.0041686 0.0039492 0.0037298 0.0035104 0.003291 0.0030716
0.016455 0.016236 0.016016 0.015797 0.015578 0.015358 0.015139 0.014919 0.0147 0.014481 0.014261 0.014042 0.013822 0.013603 0.013384 0.013164 0.012945 0.012725 0.012506 0.012286 0.012067 0.011848 0.011628 0.011409 0.011189 0.01097 0.010751 0.010531 0.010312 0.010092 0.0098731 0.0096537 0.0094343 0.0092149 0.0089955 0.0087761 0.0085567 0.0083373 0.0081179 0.0078985 0.0076791 0.0074597 0.0072403 0.0070209 0.0068015 0.0065821 0.0063626 0.0061432 0.0059238 0.0057044 0.005485 0.0052656 0.0050462 0.0048268 0.0046074 0.004388 0.0041686 0.0039492 0.0037298 0.0035104 0.003291 0.0030716
0.016455 0.016236 0.016016 0.015797 0.015578 0.015358 0.015139 0.014919 0.0147 0.014481 0.014261 0.014042 0.013822 0.013603 0.013384 0.013164 0.012945 0.012725 0.012506 0.012286 0.012067 0.011848 0.011628 0.011409 0.011189 0.01097 0.010751 0.010531 0.010312 0.010092 0.0098731 0.0096537 0.0094343 0.0092149 0.0089955 0.0087761 0.0085567 0.0083373 0.0081179 0.0078985 0.0076791 0.0074597 0.0072403 0.0070209 0.0068015 0.0065821 0.0063626 0.0061432 0.0059238 0.0057044 0.005485 0.0052656 0.0050462 0.0048268 0.0046074 0.004388 0.0041686 0.0039492 0.0037298 0.0035104 0.003291 0.0030716
0.016455 0.016236 0.016016 0.015797 0.015578 0.015358 0.015139 0.014919 0.0147 0.014481 0.014261 0.014042 0.013822 0.013603 0.013384 0.013164 0.012945 0.012725 0.012506 0.012286 0.012067 0.011848 0.011628 0.011409 0.011189 0.01097 0.010751 0.010531 0.010312 0.010092 0.0098731 0.0096537 0.0094343 0.0092149 0.0089955 0.0087761 0.0085567 0.0083373 0.0081179 0.0078985 0.0076791 0.0074597 0.0072403 0.0070209 0.0068015 0.0065821 0.0063626 0.0061432 0.0059238 0.0057044 0.005485 0.0052656 0.0050462 0.0048268 0.0046074 0.004388 0.0041686 0.0039492 0.0037298 0.0035104 0.003291 0.0030716
0.016455 0.016236 0.016016 0.015797 0.015578 0.015358 0.015139 0.014919 0.0147 0.014481 0.014261 0.014042 0.013822 0.013603 0.013384 0.013164 0.012945 0.012725 0.012506 0.012286 0.012067 0.011848 0.011628 0.011409 0.011189 0.01097 0.010751 0.010531 0.010312 0.010092 0.0098731 0.0096537 0.0094343 0.0092149 0.0089955 0.0087761 0.0085567 0.0083373 0.0081179 0.0078985 0.0076791 0.0074597 0.0072403 0.0070209 0.0068015 0.0065821 0.0063626 0.0061432 0.0059238 0.0057044 0.005485 0.0052656 0.0050462 0.0048268 0.0046074 0.004388 0.0041686 0.0039492 0.0037298 0.0035104 0.003291 0.0030716
0.016455 0.016236 0.016016 0.015797 0.015578 0.015358 0.015139 0.014919 0.0147 0.014481 0.014261 0.014042 0.013822 0.013603 0.013384 0.013164 0.012945 0.012725 0.012506 0.012286 0.012067 0.011848 0.011628 0.011409 0.011189 0.01097 0.010751 0.010531 0.010312 0.010092 0.0098731 0.0096537 0.0094343 0.0092149 0.0089955 0.0087761 0.0085567 0.0083373 0.0081179 0.0078985 0.0076791 0.0074597 0.0072403 0.0070209 0.0068015 0.0065821 0.0063626 0.0061432 0.0059238 0.0057044 0.005485 0.0052656 0.0050462 0.0048268 0.0046074 0.004388 0.0041686 0.0039492 0.0037298 0.0035104 0.003291 0.0030716
0.016455 0.016236 0.016016 0.015797 0.015578 0.015358 0.015139 0.014919 0.0147 0.014481 0.014261 0.014042 0.013822 0.013603 0.013384 0.013164 0.012945 0.012725 0.012506 0.012286 0.012067 0.011848 0.011628 0.011409 0.011189 0.01097 0.010751 0.010531 0.010312 0.010092 0.0098731 0.0096537 0.0094343 0.0092149 0.0089955 0.0087761 0.0085567 0.0083373 0.0081179 0.0078985 0.0076791 0.0074597 0.0072403 0.0070209 0.0068015 0.0065821 0.0063626 0.0061432 0.0059238 0.0057044 0.005485 0.0052656 0.0050462 0.0048268 0.0046074 0.004388 0.0041686 0.0039492 0.0037298 0.0035104 0.003291 0.0030716
