examples/Lister1992/200x100/topography_dem.asc
ncols 200
nrows 100
xllcorner 0
yllcorner -0.25
cellsize 0.005
NODATA_value  -9999
[rows 28 to 55 of 100, columns 62 to 123 of 200]
0.030058 0.029839 0.029619 0.0294 0.02918 0.028961 0.028742 0.028522 0.028303 0.028083 0.027864 0.027645 0.027425 0.027206 0.026986 0.026767 0.026548 0.026328 0.026109 0.025889 0.02567 0.025451 0.025231 0.025012 0.024792 0.024573 0.024354 0.024134 0.023915 0.023695 0.023476 0.023257 0.023037 0.022818 0.022598 0.022379 0.02216 0.02194 0.021721 0.021501 0.021282 0.021063 0.020843 0.020624 0.020404 0.020185 0.019966 0.019746 0.019527 0.019307 0.019088 0.018869 0.018649 0.01843 0.01821 0.017991 0.017772 0.017552 0.017333 0.017113 0.016894 0.016675
0.030058 0.029839 0.029619 0.0294 0.02918 0.028961 0.028742 0.028522 0.028303 0.028083 0.027864 0.027645 0.027425 0.027206 0.026986 0.026767 0.026548 0.026328 0.026109 0.025889 0.02567 0.025451 0.025231 0.025012 0.024792 0.024573 0.024354 0.024134 0.023915 0.023695 0.023476 0.023257 0.023037 0.022818 0.022598 0.022379 0.02216 0.02194 0.021721 0.021501 0.021282 0.021063 0.020843 0.020624 0.020404 0.020185 0.019966 0.019746 0.019527 0.019307 0.019088 0.018869 0.018649 0.01843 0.01821 0.017991 0.017772 0.017552 0.017333 0.017113 0.016894 0.016675
0.030058 0.029839 0.029619 0.0294 0.02918 0.028961 0.028742 0.028522 0.028303 0.028083 0.027864 0.027645 0.027425 0.027206 0.026986 0.026767 0.026548 0.026328 0.026109 0.025889 0.02567 0.025451 0.025231 0.025012 0.024792 0.024573 0.024354 0.024134 0.023915 0.023695 0.023476 0.023257 0.023037 0.022818 0.022598 0.022379 0.02216 0.02194 0.021721 0.021501 0.021282 0.021063 0.020843 0.020624 0.020404 0.020185 0.019966 0.019746 0.019527 0.019307 0.019088 0.018869 0.018649 0.01843 0.01821 0.017991 0.017772 0.017552 0.017333 0.017113 0.016894 0.016675
0.030058 0.029839 0.029619 0.0294 0.02918 0.028961 0.028742 0.028522 0.028303 0.028083 0.027864 0.027645 0.027425 0.027206 0.026986 0.026767 0.026548 0.026328 0.026109 0.025889 0.02567 0.025451 0.025231 0.025012 0.024792 0.024573 0.024354 0.024134 0.023915 0.023695 0.023476 0.023257 0.023037 0.022818 0.022598 0.022379 0.02216 0.02194 0.021721 0.021501 0.021282 0.021063 0.020843 0.020624 0.020404 0.020185 0.019966 0.019746 0.019527 0.019307 0.019088 0.018869 0.018649 0.01843 0.01821 0.017991 0.017772 0.017552 0.017333 0.017113 0.016894 0.016675
0.030058 0.029839 0.029619 0.0294 0.02918 0.028961 0.028742 0.028522 0.028303 0.028083 0.027864 0.027645 0.027425 0.027206 0.026986 0.026767 0.026548 0.026328 0.026109 0.025889 0.02567 0.025451 0.025231 0.025012 0.024792 0.024573 0.024354 0.024134 0.023915 0.023695 0.023476 0.023257 0.023037 0.022818 0.022598 0.022379 0.02216 0.02194 0.021721 0.021501 0.021282 0.021063 0.020843 0.020624 0.020404 0.020185 0.019966 0.019746 0.019527 0.019307 0.019088 0.018869 0.018649 0.01843 0.01821 0.017991 0.017772 0.017552 0.017333 0.017113 0.016894 0.016675
0.030058 0.029839 0.029619 0.0294 0.02918 0.028961 0.028742 0.028522 0.028303 0.028083 0.027864 0.027645 0.027425 0.027206 0.026986 0.026767 0.026548 0.026328 0.026109 0.025889 0.02567 0.025451 0.025231 0.025012 0.024792 0.024573 0.024354 0.024134 0.023915 0.023695 0.023476 0.023257 0.023037 0.022818 0.022598 0.022379 0.02216 0.02194 0.021721 0.021501 0.021282 0.021063 0.020843 0.020624 0.020404 0.020185 0.019966 0.019746 0.019527 0.019307 0.019088 0.018869 0.018649 0.01843 0.01821 0.017991 0.017772 0.017552 0.017333 0.017113 0.016894 0.016675
0.030058 0.029839 0.029619 0.0294 0.02918 0.028961 0.028742 0.028522 0.028303 0.028083 0.027864 0.027645 0.027425 0.027206 0.026986 0.026767 0.026548 0.026328 0.026109 0.025889 0.02567 0.025451 0.025231 0.025012 0.024792 0.024573 0.024354 0.024134 0.023915 0.023695 0.023476 0.023257 0.023037 0.022818 0.022598 0.022379 0.02216 0.02194 0.021721 0.021501 0.021282 0.021063 0.020843 0.020624 0.020404 0.020185 0.019966 0.019746 0.019527 0.019307 0.019088 0.018869 0.018649 0.01843 0.01821 0.017991 0.017772 0.017552 0.017333 0.017113 0.016894 0.016675
0.030058 0.029839 0.029619 0.0294 0.02918 0.028961 0.028742 0.028522 0.028303 0.028083 0.027864 0.027645 0.027425 0.027206 0.026986 0.026767 0.026548 0.026328 0.026109 0.025889 0.02567 0.025451 0.025231 0.025012 0.024792 0.024573 0.024354 0.024134 0.023915 0.023695 0.023476 0.023257 0.023037 0.022818 0.022598 0.022379 0.02216 0.02194 0.021721 0.021501 0.021282 0.021063 0.020843 0.020624 0.020404 0.020185 0.019966 0.019746 0.019527 0.019307 0.019088 0.018869 0.018649 0.01843 0.01821 0.017991 0.017772 0.017552 0.017333 0.017113 0.016894 0.016675
0.030058 0.029839 0.029619 0.0294 0.02918 0.028961 0.028742 0.028522 0.028303 0.028083 0.027864 0.027645 0.027425 0.027206 0.026986 0.026767 0.026548 0.026328 0.026109 0.025889 0.02567 0.025451 0.025231 0.025012 0.024792 0.024573 0.024354 0.024134 0.023915 0.023695 0.023476 0.023257 0.023037 0.022818 0.022598 0.022379 0.02216 0.02194 0.021721 0.021501 0.021282 0.021063 0.020843 0.020624 0.020404 0.020185 0.019966 0.019746 0.019527 0.019307 0.019088 0.018869 0.018649 0.01843 0.01821 0.017991 0.017772 0.017552 0.017333 0.017113 0.016894 0.016675
0.030058 0.029839 0.029619 0.0294 0.02918 0.028961 0.028742 0.028522 0.028303 0.028083 0.027864 0.027645 0.027425 0.027206 0.026986 0.026767 0.026548 0.026328 0.026109 0.025889 0.02567 0.025451 0.025231 0.025012 0.024792 0.024573 0.024354 0.024134 0.023915 0.023695 0.023476 0.023257 0.023037 0.022818 0.022598 0.022379 0.02216 0.02194 0.021721 0.021501 0.021282 0.021063 0.020843 0.020624 0.020404 0.020185 0.019966 0.019746 0.019527 0.019307 0.019088 0.018869 0.018649 0.01843 0.01821 0.017991 0.017772 0.017552 0.017333 0.017113 0.016894 0.016675
0.030058 0.029839 0.029619 0.0294 0.02918 0.028961 0.028742 0.028522 0.028303 0.028083 0.027864 0.027645 0.027425 0.027206 0.026986 0.026767 0.026548 0.026328 0.026109 0.025889 0.02567 0.025451 0.025231 0.025012 0.024792 0.024573 0.024354 0.024134 0.023915 0.023695 0.023476 0.023257 0.023037 0.022818 0.022598 0.022379 0.02216 0.02194 0.021721 0.021501 0.021282 0.021063 0.020843 0.020624 0.020404 0.020185 0.019966 0.019746 0.019527 0.019307 0.019088 0.018869 0.018649 0.01843 0.01821 0.017991 0.017772 0.017552 0.017333 0.017113 0.016894 0.016675
0.030058 0.029839 0.029619 0.0294 0.02918 0.028961 0.028742 0.028522 0.028303 0.028083 0.027864 0.027645 0.027425 0.027206 0.026986 0.026767 0.026548 0.026328 0.026109 0.025889 0.02567 0.025451 0.025231 0.025012 0.024792 0.024573 0.024354 0.024134 0.023915 0.023695 0.023476 0.023257 0.023037 0.022818 0.022598 0.022379 0.02216 0.02194 0.021721 0.021501 0.021282 0.021063 0.020843 0.020624 0.020404 0.020185 0.019966 0.019746 0.019527 0.019307 0.019088 0.018869 0.018649 0.01843 0.01821 0.017991 0.017772 0.017552 0.017333 0.017113 0.016894 0.016675
0.030058 0.029839 0.029619 0.0294 0.02918 0.028961 0.028742 0.028522 0.028303 0.028083 0.027864 0.027645 0.027425 0.027206 0.026986 0.026767 0.026548 0.026328 0.026109 0.025889 0.02567 0.025451 0.025231 0.025012 0.024792 0.024573 0.024354 0.024134 0.023915 0.023695 0.023476 0.023257 0.023037 0.022818 0.022598 0.022379 0.02216 0.02194 0.021721 0.021501 0.021282 0.021063 0.020843 0.020624 0.020404 0.020185 0.019966 0.019746 0.019527 0.019307 0.019088 0.018869 0.018649 0.01843 0.01821 0.017991 0.017772 0.017552 0.017333 0.017113 0.016894 0.016675
0.030058 0.029839 0.029619 0.0294 0.02918 0.028961 0.028742 0.028522 0.028303 0.028083 0.027864 0.027645 0.027425 0.027206 0.026986 0.026767 0.026548 0.026328 0.026109 0.025889 0.02567 0.025451 0.025231 0.025012 0.024792 0.024573 0.024354 0.024134 0.023915 0.023695 0.023476 0.023257 0.023037 0.022818 0.022598 0.022379 0.02216 0.02194 0.021721 0.021501 0.021282 0.021063 0.020843 0.020624 0.020404 0.020185 0.019966 0.019746 0.019527 0.019307 0.019088 0.018869 0.018649 0.01843 0.01821 0.017991 0.017772 0.017552 0.017333 0.017113 0.016894 0.016675
0.030058 0.029839 0.029619 0.0294 0.02918 0.028961 0.028742 0.028522 0.028303 0.028083 0.027864 0.027645 0.027425 0.027206 0.026986 0.026767 0.026548 0.026328 0.026109 0.025889 0.02567 0.025451 0.025231 0.025012 0.024792 0.024573 0.024354 0.024134 0.023915 0.023695 0.023476 0.023257 0.023037 0.022818 0.022598 0.022379 0.02216 0.02194 0.021721 0.021501 0.021282 0.021063 0.020843 0.020624 0.020404 0.020185 0.019966 0.019746 0.019527 0.019307 0.019088 0.018869 0.018649 0.01843 0.01821 0.017991 0.017772 0.017552 0.017333 0.017113 0.016894 0.016675
0.030058 0.029839 0.029619 0.0294 0.02918 0.028961 0.028742 0.028522 0.028303 0.028083 0.027864 0.027645 0.027425 0.027206 0.026986 0.026767 0.026548 0.026328 0.026109 0.025889 0.02567 0.025451 0.025231 0.025012 0.024792 0.024573 0.024354 0.024134 0.023915 0.023695 0.023476 0.023257 0.023037 0.022818 0.022598 0.022379 0.02216 0.02194 0.021721 0.021501 0.021282 0.021063 0.020843 0.020624 0.020404 0.020185 0.019966 0.019746 0.019527 0.019307 0.019088 0.018869 0.018649 0.01843 0.01821 0.017991 0.017772 0.017552 0.017333 0.017113 0.016894 0.016675
0.030058 0.029839 0.029619 0.0294 0.02918 0.028961 0.028742 0.028522 0.028303 0.028083 0.027864 0.027645 0.027425 0.027206 0.026986 0.026767 0.026548 0.026328 0.026109 0.025889 0.02567 0.025451 0.025231 0.025012 0.024792 0.024573 0.024354 0.024134 0.023915 0.023695 0.023476 0.023257 0.023037 0.022818 0.022598 0.022379 0.02216 0.02194 0.021721 0.021501 0.021282 0.021063 0.020843 0.020624 0.020404 0.020185 0.019966 0.019746 0.019527 0.019307 0.019088 0.018869 0.018649 0.01843 0.01821 0.017991 0.017772 0.017552 0.017333 0.017113 0.016894 0.016675
0.030058 0.029839 0.029619 0.0294 0.02918 0.028961 0.028742 0.028522 0.028303 0.028083 0.027864 0.027645 0.027425 0.027206 0.026986 0.026767 0.026548 0.026328 0.026109 0.025889 0.02567 0.025451 0.025231 0.025012 0.024792 0.024573 0.024354 0.024134 0.023915 0.023695 0.023476 0.023257 0.023037 0.022818 0.022598 0.022379 0.02216 0.02194 0.021721 0.021501 0.021282 0.021063 0.020843 0.020624 0.020404 0.020185 0.019966 0.019746 0.019527 0.019307 0.019088 0.018869 0.018649 0.01843 0.01821 0.017991 0.017772 0.017552 0.017333 0.017113 0.016894 0.016675
0.030058 0.029839 0.029619 0.0294 0.02918 0.028961 0.028742 0.028522 0.028303 0.028083 0.027864 0.027645 0.027425 0.027206 0.026986 0.026767 0.026548 0.026328 0.026109 0.025889 0.02567 0.025451 0.025231 0.025012 0.024792 0.024573 0.024354 0.024134 0.023915 0.023695 0.023476 0.023257 0.023037 0.022818 0.022598 0.022379 0.02216 0.02194 0.021721 0.021501 0.021282 0.021063 0.020843 0.020624 0.020404 0.020185 0.019966 0.019746 0.019527 0.019307 0.019088 0.018869 0.018649 0.01843 0.01821 0.017991 0.017772 0.017552 0.017333 0.017113 0.016894 0.016675
0.030058 0.029839 0.029619 0.0294 0.02918 0.028961 0.028742 0.028522 0.028303 0.028083 0.027864 0.027645 0.027425 0.027206 0.026986 0.026767 0.026548 0.026328 0.026109 0.025889 0.02567 0.025451 0.025231 0.025012 0.024792 0.024573 0.024354 0.024134 0.023915 0.023695 0.023476 0.023257 0.023037 0.022818 0.022598 0.022379 0.02216 0.02194 0.021721 0.021501 0.021282 0.021063 0.020843 0.020624 0.020404 0.020185 0.019966 0.019746 0.019527 0.019307 0.019088 0.018869 0.018649 0.01843 0.01821 0.017991 0.017772 0.017552 0.017333 0.017113 0.016894 0.016675
0.030058 0.029839 0.029619 0.0294 0.02918 0.028961 0.028742 0.028522 0.028303 0.028083 0.027864 0.027645 0.027425 0.027206 0.026986 0.026767 0.026548 0.026328 0.026109 0.025889 0.02567 0.025451 0.025231 0.025012 0.024792 0.024573 0.024354 0.024134 0.023915 0.023695 0.023476 0.023257 0.023037 0.022818 0.022598 0.022379 0.02216 0.02194 0.021721 0.021501 0.021282 0.021063 0.020843 0.020624 0.020404 0.020185 0.019966 0.019746 0.019527 0.019307 0.019088 0.018869 0.018649 0.01843 0.01821 0.017991 0.017772 0.017552 0.017333 0.017113 0.016894 0.016675
0.030058 0.029839 0.029619 0.0294 0.02918 0.028961 0.028742 0.028522 0.028303 0.028083 0.027864 0.027645 0.027425 0.027206 0.026986 0.026767 0.026548 0.026328 0.026109 0.025889 0.02567 0.025451 0.025231 0.025012 0.024792 0.024573 0.024354 0.024134 0.023915 0.023695 0.023476 0.023257 0.023037 0.022818 0.022598 0.022379 0.02216 0.02194 0.021721 0.021501 0.021282 0.021063 0.020843 0.020624 0.020404 0.020185 0.019966 0.019746 0.019527 0.019307 0.019088 0.018869 0.018649 0.01843 0.01821 0.017991 0.017772 0.017552 0.017333 0.017113 0.016894 0.016675
0.030058 0.029839 0.029619 0.0294 0.02918 0.028961 0.028742 0.028522 0.028303 0.028083 0.027864 0.027645 0.027425 0.027206 0.026986 0.026767 0.026548 0.026328 0.026109 0.025889 0.02567 0.025451 0.025231 0.025012 0.024792 0.024573 0.024354 0.024134 0.023915 0.023695 0.023476 0.023257 0.023037 0.022818 0.022598 0.022379 0.02216 0.02194 0.021721 0.021501 0.021282 0.021063 0.020843 0.020624 0.020404 0.020185 0.019966 0.019746 0.019527 0.019307 0.019088 0.018869 0.018649 0.01843 0.01821 0.017991 0.017772 0.017552 0.017333 0.017113 0.016894 0.016675
0.030058 0.029839 0.029619 0.0294 0.02918 0.028961 0.028742 0.028522 0.028303 0.028083 0.027864 0.027645 0.027425 0.027206 0.026986 0.026767 0.026548 0.026328 0.026109 0.025889 0.02567 0.025451 0.025231 0.025012 0.024792 0.024573 0.024354 0.024134 0.023915 0.023695 0.023476 0.023257 0.023037 0.022818 0.022598 0.022379 0.02216 0.02194 0.021721 0.021501 0.021282 0.021063 0.020843 0.020624 0.020404 0.020185 0.019966 0.019746 0.019527 0.019307 0.019088 0.018869 0.018649 0.01843 0.01821 0.017991 0.017772 0.017552 0.017333 0.017113 0.016894 0.016675
0.030058 0.029839 0.029619 0.0294 0.02918 0.028961 0.028742 0.028522 0.028303 0.028083 0.027864 0.027645 0.027425 0.027206 0.026986 0.026767 0.026548 0.026328 0.026109 0.025889 0.02567 0.025451 0.025231 0.025012 0.024792 0.024573 0.024354 0.024134 0.023915 0.023695 0.023476 0.023257 0.023037 0.022818 0.022598 0.022379 0.02216 0.02194 0.021721 0.021501 0.021282 0.021063 0.020843 0.020624 0.020404 0.020185 0.019966 0.019746 0.019527 0.019307 0.019088 0.018869 0.018649 0.01843 0.01821 0.017991 0.017772 0.017552 0.017333 0.017113 0.016894 0.016675
0.030058 0.029839 0.029619 0.0294 0.02918 0.028961 0.028742 0.028522 0.028303 0.028083 0.027864 0.027645 0.027425 0.027206 0.026986 0.026767 0.026548 0.026328 0.026109 0.025889 0.02567 0.025451 0.025231 0.025012 0.024792 0.024573 0.024354 0.024134 0.023915 0.023695 0.023476 0.023257 0.023037 0.022818 0.022598 0.022379 0.02216 0.02194 0.021721 0.021501 0.021282 0.021063 0.020843 0.020624 0.020404 0.020185 0.019966 0.019746 0.019527 0.019307 0.019088 0.018869 0.018649 0.01843 0.01821 0.017991 0.017772 0.017552 0.017333 0.017113 0.016894 0.016675
0.030058 0.029839 0.029619 0.0294 0.02918 0.028961 0.028742 0.028522 0.028303 0.028083 0.027864 0.027645 0.027425 0.027206 0.026986 0.026767 0.026548 0.026328 0.026109 0.025889 0.02567 0.025451 0.025231 0.025012 0.024792 0.024573 0.024354 0.024134 0.023915 0.023695 0.023476 0.023257 0.023037 0.022818 0.022598 0.022379 0.02216 0.02194 0.021721 0.021501 0.021282 0.021063 0.020843 0.020624 0.020404 0.020185 0.019966 0.019746 0.019527 0.019307 0.019088 0.018869 0.018649 0.01843 0.01821 0.017991 0.017772 0.017552 0.017333 0.017113 0.016894 0.016675
0.030058 0.029839 0.029619 0.0294 0.02918 0.028961 0.028742 0.028522 0.028303 0.028083 0.027864 0.027645 0.027425 0.027206 0.026986 0.026767 0.026548 0.026328 0.026109 0.025889 0.02567 0.025451 0.025231 0.025012 0.024792 0.024573 0.024354 0.024134 0.023915 0.023695 0.023476 0.023257 0.023037 0.022818 0.022598 0.022379 0.02216 0.02194 0.021721 0.021501 0.021282 0.021063 0.020843 0.020624 0.020404 0.020185 0.019966 0.019746 0.019527 0.019307 0.019088 0.018869 0.018649 0.01843 0.01821 0.017991 0.017772 0.017552 0.017333 0.017113 0.016894 0.016675
