examples/EXAMPLE6/topography_dem.asc
ncols 401
nrows 401
xllcorner 499650
yllcorner 4175350
cellsize 10
NODATA_value  -9999
[rows 72 to 95 of 401, columns 0 to 54 of 401]
3274.808987 3288.565959 3297.928575 3301.706584 3302.778158 3301.955051 3302.65587 3301.232788 3295.386664 3296.495334 3302.307699 3307.182197 3301.8758 3309.701457 3324.751912 3330.292616 3331.904867 3331.229614 3330.198188 3329.059041 3327.333822 3325.107869 3321.806803 3317.854899 3313.269735 3308.356812 3303.016073 3297.605238 3291.253337 3284.520874 3277.837321 3271.187663 3264.350369 3257.398058 3250.650391 3244.404378 3238.366306 3232.187622 3226.219876 3220.3192 3214.626506 3209.011353 3203.629001 3198.482585 3193.488091 3189.312812 3185.279826 3182.036391 3179.301202 3177.395711 3175.847548 3174.117337 3171.845378 3169.057766 3165.467475
3275.281752 3288.080037 3294.105292 3297.074788 3302.294515 3300.658773 3303.635729 3293.284993 3294.257501 3295.518555 3302.016642 3303.526584 3305.054023 3314.467651 3325.839233 3331.690403 3334.137695 3333.050646 3331.484009 3329.727336 3327.488593 3324.74079 3321.293009 3317.201362 3312.574693 3307.66215 3302.354614 3296.75708 3290.475545 3283.902439 3277.123264 3270.633464 3263.830024 3257.164171 3250.355632 3243.798828 3237.578193 3231.44397 3225.448324 3219.546156 3213.724447 3208.262234 3202.716648 3197.486165 3192.337443 3187.783881 3183.356405 3179.590427 3176.043132 3172.880168 3170.206991 3167.748562 3165.49882 3163.005507 3159.894748
3273.240031 3277.557495 3287.063883 3288.136271 3284.80249 3286.422933 3288.830566 3287.935547 3285.428589 3300.451986 3299.364014 3297.414469 3300.932739 3311.967529 3328.206258 3333.626994 3336.198486 3334.569132 3332.04248 3329.838013 3327.165609 3324.019043 3320.26355 3316.006348 3311.463908 3306.407471 3300.95109 3295.267904 3289.264526 3282.886068 3276.153483 3269.686035 3262.827393 3256.393066 3249.669556 3243.028117 3236.70813 3230.591064 3224.600993 3218.343465 3212.546021 3207.147909 3201.464722 3196.305054 3191.154419 3186.130208 3181.785034 3177.510701 3173.412394 3169.650513 3166.114014 3162.591471 3159.564941 3156.820923 3153.960815
3279.405653 3276.983643 3283.630859 3288.333618 3289.275513 3287.345174 3289.096612 3286.119344 3282.543023 3302.174778 3289.893229 3294.043484 3297.072049 3313.576619 3331.571506 3336.142565 3337.176473 3335.016588 3332.345554 3329.52181 3326.43453 3323.07997 3319.188883 3314.662082 3309.867974 3304.720337 3299.125746 3293.299601 3287.271159 3280.872735 3274.439629 3267.722616 3261.151801 3254.399075 3247.988892 3241.786255 3235.482612 3229.312703 3223.264174 3217.355292 3211.427856 3205.717597 3200.280111 3194.888306 3189.633124 3184.457954 3180.113444 3175.715101 3171.466648 3167.333211 3163.175212 3158.96304 3155.064331 3151.527439 3148.312107
3298.056858 3288.382772 3288.073093 3292.678738 3295.466634 3291.304769 3288.896593 3283.960205 3277.470771 3294.782104 3289.714844 3292.320448 3298.733209 3310.406982 3333.816094 3337.700033 3337.055827 3334.670166 3332.082072 3329.087524 3325.754883 3322.044895 3317.875366 3313.14681 3308.213813 3302.773478 3297.147176 3291.269558 3285.104696 3278.754395 3271.97427 3265.389526 3258.764269 3252.114827 3245.817464 3239.644463 3233.708388 3227.551636 3221.601997 3215.85418 3210.115804 3204.191271 3198.733778 3193.364014 3188.032796 3182.859524 3178.183146 3173.694038 3169.531508 3165.324544 3160.921088 3156.470066 3152.18453 3147.896335 3143.553752
3312.050334 3300.636475 3294.049032 3293.27063 3295.119995 3292.539998 3291.138224 3278.566528 3276.469482 3281.210286 3286.472534 3292.801107 3300.855306 3319.761597 3333.002441 3337.963379 3336.664551 3334.037882 3331.455282 3328.307495 3324.879801 3320.816488 3316.136963 3311.302327 3306.125732 3300.705078 3294.914673 3289.084595 3282.795044 3276.468831 3269.862183 3262.944946 3256.314006 3249.788127 3243.342529 3237.232503 3231.410767 3225.251465 3219.520304 3213.76123 3208.143066 3202.201416 3196.836426 3191.533081 3186.112793 3180.988688 3175.951904 3171.536662 3167.174072 3163.128906 3158.863851 3154.480509 3150.060547 3145.363241 3140.589071
3336.409342 3316.654338 3303.411377 3297.71917 3294.87736 3295.311293 3296.905802 3283.571818 3287.422797 3287.574232 3290.473511 3298.25411 3304.859538 3323.671183 3335.236871 3337.907159 3335.934285 3332.909193 3330.050035 3327.072957 3323.303969 3319.045953 3314.251994 3309.187012 3303.869765 3298.345703 3292.56052 3286.688192 3280.129028 3273.823459 3267.359361 3260.76062 3254.351427 3247.49684 3241.060954 3234.913601 3228.755018 3222.822347 3217.07175 3211.54305 3205.812988 3200.065525 3194.546997 3189.317179 3184.051066 3178.846327 3174.042806 3169.352648 3164.712416 3160.470825 3156.246121 3152.338108 3148.122803 3143.47423 3138.800361
3344.364326 3332.707845 3310.123983 3303.060316 3299.161987 3294.123155 3298.334242 3296.018229 3296.107313 3295.717638 3298.426066 3302.903551 3312.118232 3333.846395 3338.662625 3338.203098 3335.46464 3331.794935 3328.656304 3325.476156 3321.440362 3316.997274 3312.133952 3306.996284 3301.734307 3296.050334 3290.303819 3284.338515 3277.537354 3271.014743 3264.710965 3258.383993 3251.873698 3245.431302 3238.878174 3232.64624 3226.256538 3220.470378 3214.661811 3208.788127 3203.177897 3197.782674 3192.317383 3187.187785 3181.874824 3176.638685 3171.805216 3167.194051 3162.417711 3157.86853 3153.624661 3149.83275 3145.790365 3141.352865 3136.967896
3351.621867 3334.76001 3321.77832 3312.717448 3310.345947 3310.041707 3304.730835 3301.952026 3302.014404 3302.19283 3307.118042 3309.76884 3323.390462 3333.574463 3340.546916 3338.312826 3334.951416 3331.008748 3327.397095 3323.431519 3319.412557 3314.716715 3309.935425 3304.816488 3299.625651 3293.93042 3287.780151 3281.748454 3274.930054 3268.386353 3261.926392 3255.703979 3248.990763 3243.125895 3236.5 3230.304077 3223.937297 3218.032959 3212.416097 3206.50708 3201.109009 3195.546753 3190.034261 3184.842407 3179.511434 3174.457316 3169.487915 3164.607707 3160.126912 3155.391113 3151.067261 3147.143921 3143.190063 3138.965861 3134.800822
3357.96913 3339.802694 3333.367784 3328.157756 3319.827677 3315.585748 3310.676758 3309.221802 3309.105211 3310.766317 3316.752848 3322.909519 3330.953613 3343.007324 3341.655355 3338.334364 3334.701986 3330.267198 3326.137017 3321.80599 3317.295695 3311.876519 3307.607137 3302.383247 3296.94359 3291.275513 3285.525065 3279.180325 3272.584554 3265.95874 3259.45714 3253.132812 3246.714939 3240.704603 3234.515747 3228.13071 3222.037096 3215.810994 3210.173665 3204.449992 3198.967814 3193.563558 3188.014174 3182.756348 3177.583374 3172.472493 3167.269206 3162.462728 3158.03795 3153.671183 3149.224013 3144.891941 3140.76888 3136.705146 3132.776923
3363.474569 3347.548991 3340.742065 3336.858127 3328.129801 3323.415568 3317.573215 3317.744059 3317.186144 3319.427287 3325.664673 3332.870633 3340.400675 3344.795858 3342.032389 3338.249091 3334.141968 3329.20109 3324.614841 3320.024007 3315.262546 3309.695801 3304.812378 3299.523885 3293.947849 3288.4021 3282.619181 3276.411974 3270.169637 3263.539971 3257.118869 3250.926799 3244.394762 3238.702827 3232.453328 3226.127835 3219.834229 3213.896566 3208.162123 3202.46795 3197.069621 3191.668877 3185.871962 3180.644368 3175.443305 3170.362671 3165.081095 3160.472711 3156.056274 3151.907633 3147.682834 3143.544718 3139.23877 3135.148736 3131.210341
3365.654378 3359.186523 3356.525024 3344.394084 3335.641479 3342.500488 3345.425496 3340.401001 3333.588216 3338.487305 3345.440552 3346.641927 3346.707031 3345.180542 3341.720947 3337.665975 3333.090942 3327.372437 3322.940063 3318.078979 3312.964274 3307.49939 3301.941528 3296.643188 3290.989909 3285.204468 3279.460083 3273.423299 3267.3125 3261.016927 3254.843628 3248.456543 3242.057576 3236.230754 3230.05603 3223.949382 3217.664388 3211.892944 3206.166138 3200.562093 3195.066406 3189.547445 3183.970052 3178.633911 3173.214966 3168.107544 3162.973022 3158.378174 3153.922404 3149.846558 3146.223267 3142.384969 3138.162476 3133.859253 3129.87264
3360.596571 3363.090169 3362.204237 3353.569187 3346.256022 3352.854397 3354.554633 3355.03833 3353.464057 3349.810764 3349.796631 3349.459256 3347.895738 3344.712809 3340.523126 3335.896729 3331.080729 3325.45733 3320.566311 3315.658 3310.309747 3304.848321 3299.298462 3293.679091 3287.967828 3282.080973 3276.069689 3270.106961 3264.128011 3257.91017 3252.271539 3245.914998 3239.998617 3233.966444 3228.10555 3221.82331 3215.687785 3209.891479 3204.27181 3198.919976 3193.136759 3187.451402 3182.071425 3176.449748 3171.110921 3166.056396 3160.923014 3156.165053 3151.823215 3147.857788 3144.312948 3140.790744 3136.888672 3133.068481 3128.842068
3355.747477 3359.503743 3360.970839 3359.776584 3356.926758 3357.611559 3356.609497 3356.504964 3355.027724 3353.116848 3352.135539 3350.069227 3346.901096 3342.886597 3338.332031 3333.710924 3328.87972 3323.17216 3318.045275 3312.967489 3307.684652 3302.20634 3296.678467 3290.876085 3285.044718 3279.128784 3273.234104 3267.370456 3261.308431 3255.396837 3249.545193 3243.508382 3237.718953 3231.584039 3225.621134 3219.681437 3213.688124 3208.159465 3202.495958 3196.756822 3190.872843 3185.421088 3179.899102 3174.358154 3168.902818 3163.765015 3158.697469 3153.910319 3149.622531 3145.760539 3142.379096 3138.721124 3135.195557 3131.46563 3127.421441
3349.850952 3353.141479 3355.499593 3358.523682 3359.253418 3360.385457 3360.00297 3358.948975 3357.205526 3354.682129 3351.61145 3348.402507 3344.314168 3340.128052 3335.679484 3331.001139 3326.073486 3320.339518 3315.217855 3310.00708 3304.79362 3299.263631 3293.860474 3288.187052 3282.189738 3276.483032 3270.662272 3264.532308 3258.661987 3252.900798 3247.073364 3241.122559 3235.194417 3229.2087 3223.460938 3217.50472 3211.467936 3206.124512 3200.308512 3194.622681 3188.501953 3183.267741 3177.674276 3172.240479 3166.872274 3161.664754 3156.548584 3151.804647 3147.360474 3143.660034 3140.753174 3137.064006 3133.173462 3129.537313 3125.669922
3344.444553 3347.093953 3349.905002 3352.619507 3355.901001 3357.726739 3358.876166 3357.870361 3355.814643 3352.649631 3349.175903 3345.315063 3341.200005 3336.880981 3332.435072 3327.678399 3322.946574 3317.243381 3312.151693 3306.944539 3301.707384 3296.344699 3291.034465 3285.492744 3279.781955 3273.95695 3268.01359 3262.013496 3255.949219 3250.241469 3244.597751 3238.609294 3232.900391 3226.952582 3221.063639 3215.416328 3209.603814 3203.824707 3197.912611 3192.160387 3186.413127 3180.978895 3175.419474 3170.224772 3164.852268 3159.629761 3154.759318 3149.771335 3145.242527 3141.556844 3138.419922 3135.40743 3131.750163 3127.789198 3124.017836
3338.767497 3341.61495 3344.392537 3346.909288 3349.878459 3352.626845 3354.663656 3354.537516 3352.734728 3349.599352 3345.90564 3341.934977 3337.78852 3333.367676 3328.91036 3324.165961 3319.300252 3313.635552 3308.667765 3303.567057 3298.480482 3293.219387 3288.311076 3282.859158 3277.176988 3271.342163 3265.084174 3259.116157 3253.789225 3248.190091 3242.1942 3236.615194 3230.623196 3224.852322 3218.858887 3213.044434 3207.633667 3201.866374 3195.870782 3190.07312 3184.579793 3178.783936 3173.223158 3168.003499 3162.85966 3157.719957 3152.797811 3148.062744 3143.342963 3139.329305 3135.945448 3132.930718 3129.808634 3126.229967 3122.547173
3333.235352 3335.966919 3338.992472 3341.038371 3344.317017 3347.15564 3349.610677 3350.162964 3348.668132 3345.771606 3342.164551 3338.101237 3333.92867 3329.541992 3325.08728 3320.371501 3315.531494 3310.041097 3304.716797 3300.11499 3295.330322 3290.312012 3285.22644 3280.03007 3274.823568 3268.667969 3262.518392 3256.718424 3251.665527 3245.901123 3240.177856 3234.255005 3228.608765 3222.545532 3216.655884 3211.093058 3205.499797 3199.554565 3194.028809 3188.468099 3182.848999 3176.863932 3171.631592 3166.402588 3161.3184 3156.158285 3151.338501 3146.599772 3141.9198 3137.829468 3134.11967 3130.891317 3127.725098 3124.579346 3121.480998
3327.880764 3330.693034 3333.429782 3336.009399 3338.883993 3341.893758 3344.442518 3345.299601 3344.278592 3341.454156 3337.90328 3334.143717 3330.11126 3325.834635 3321.153158 3316.539849 3311.692668 3306.007202 3301.158095 3296.577026 3291.717584 3287.323052 3282.314819 3277.194065 3271.802626 3266.079549 3260.230916 3254.303928 3248.554484 3243.130968 3237.936537 3231.743205 3225.845432 3220.072116 3214.301229 3208.780084 3202.680501 3197.15153 3191.64704 3186.060086 3180.567098 3174.835097 3169.648668 3164.603963 3159.592651 3154.479058 3149.681315 3144.881131 3140.455404 3136.350871 3132.791775 3129.413411 3126.154093 3122.926785 3120.071086
3322.678304 3325.089396 3327.814521 3330.684191 3333.621012 3336.735799 3339.239393 3340.602173 3339.741075 3337.16451 3333.794922 3329.961466 3325.966783 3321.662557 3317.133314 3312.668864 3307.876994 3301.995076 3297.435954 3292.943522 3288.19671 3283.629584 3278.75765 3273.807007 3268.994317 3263.340698 3257.952488 3251.629788 3245.955892 3240.191447 3234.94005 3229.036174 3223.189629 3217.347344 3211.89327 3205.983941 3200.225342 3194.657959 3189.406019 3183.549696 3178.062541 3172.645589 3167.632975 3162.44043 3157.523953 3152.489434 3147.827474 3143.135213 3138.775133 3134.769694 3131.233276 3128.033 3124.727498 3121.451023 3118.235148
3318.279012 3319.85144 3322.606567 3325.651408 3328.575562 3331.660319 3334.246175 3335.989014 3335.425252 3333.107747 3329.759399 3325.95341 3322.146037 3317.89209 3313.481527 3308.902262 3304.262451 3298.244792 3293.337362 3288.854492 3284.375366 3279.939535 3275.593506 3270.926147 3265.997762 3260.679077 3255.133586 3249.231283 3243.369385 3237.52299 3231.100464 3225.619019 3220.42749 3214.740845 3209.112549 3203.293457 3197.93925 3192.510986 3187.211873 3181.072754 3175.515991 3170.429362 3165.248494 3160.156006 3155.458089 3150.730509 3146.160522 3141.820719 3137.384074 3133.224487 3129.621704 3126.312581 3123.141968 3120.029582 3116.545492
3315.181641 3315.686198 3318.036228 3320.862901 3323.395671 3326.294963 3329.18925 3331.440023 3331.461209 3329.25255 3326.101481 3322.359212 3318.32038 3314.116333 3309.878377 3305.204441 3300.351481 3294.583794 3289.765951 3285.149984 3280.534587 3276.234049 3272.048299 3267.6435 3263.182441 3257.913696 3252.490139 3246.633816 3240.99703 3235.16744 3228.846503 3223.070679 3217.316081 3211.763713 3206.3868 3200.530111 3195.461209 3190.091553 3184.276937 3178.683472 3173.312337 3168.379395 3163.045668 3158.196493 3153.57095 3148.961846 3144.676514 3140.082655 3135.99547 3131.764079 3128.042928 3124.426595 3121.125448 3118.061225 3114.87458
3312.00708 3312.406006 3313.926188 3316.327108 3318.871012 3321.647081 3324.499593 3326.856608 3327.86301 3325.929416 3322.904704 3319.107381 3314.91942 3310.609334 3306.2913 3301.484307 3296.597656 3291.107802 3286.37812 3281.723104 3277.298082 3273.041083 3268.590535 3264.304999 3259.688097 3254.91036 3249.479451 3244.011651 3238.324992 3232.466146 3226.46917 3220.745646 3214.53989 3209.218574 3203.624471 3197.954956 3192.661852 3187.361003 3181.779772 3176.432278 3171.089844 3166.271322 3161.156915 3156.003866 3151.557115 3147.303575 3142.961019 3138.434001 3134.430705 3130.430786 3126.483629 3123.039144 3119.556722 3116.455621 3113.37972
3309.401245 3309.553101 3309.90861 3311.661133 3314.360474 3317.135132 3320.014364 3322.655029 3324.258016 3323.182983 3320.297485 3316.39327 3312.02478 3307.494995 3302.783895 3297.962118 3293.421021 3288.100138 3283.613444 3279.089966 3274.227173 3269.684733 3265.650513 3260.818075 3256.117147 3251.812988 3247.209106 3241.795695 3235.73999 3230.235881 3224.327474 3218.295532 3212.558268 3206.988403 3201.187012 3195.49646 3190.168905 3184.610962 3179.223226 3173.94165 3168.859985 3163.751872 3158.794393 3154.057983 3149.561686 3145.298381 3140.982544 3136.871012 3132.942586 3128.691528 3125.055745 3121.567586 3118.114502 3114.98116 3112.227051
