examples/EXAMPLE6/topography_dem.asc
ncols 401
nrows 401
xllcorner 499650
yllcorner 4175350
cellsize 10
NODATA_value  -9999
[rows 360 to 383 of 401, columns 110 to 164 of 401]
2712.995049 2712.210612 2711.00297 2710.007243 2709.129218 2708.508179 2707.471476 2706.800429 2706.18632 2705.856798 2705.757582 2705.514689 2705.303779 2704.59455 2703.199056 2702.11849 2699.972833 2696.246338 2690.552734 2684.054186 2677.04244 2669.261936 2660.88859 2652.533854 2644.957845 2638.210883 2631.091512 2624.366292 2617.611532 2611.918498 2606.782471 2601.609741 2595.734456 2588.698663 2581.130914 2574.706665 2569.674873 2564.950209 2560.127645 2555.649577 2551.183363 2546.104736 2540.543823 2534.585571 2529.708862 2525.72545 2521.342448 2515.993123 2509.855089 2503.65446 2496.391846 2487.58115 2479.050741 2471.292196 2464.406535
2711.394246 2710.211114 2709.221069 2708.480808 2707.496243 2707.002482 2706.019626 2705.053304 2704.418498 2703.910984 2703.837402 2703.968831 2703.890177 2702.892727 2700.728027 2698.716905 2696.032647 2691.473022 2685.309218 2678.860582 2673.441895 2667.232544 2659.490099 2650.892212 2643.159736 2636.649658 2629.943604 2622.458062 2614.97583 2607.763672 2601.188422 2595.633341 2590.142822 2584.027466 2577.051622 2570.306641 2564.826538 2560.202582 2555.456828 2551.040432 2546.941922 2542.37557 2537.147285 2531.352336 2526.133016 2521.985555 2518.196967 2513.794352 2508.140381 2501.666721 2494.526123 2486.129123 2477.344469 2469.467936 2462.478502
2710.174601 2708.344564 2707.52356 2706.942057 2706.10791 2705.330566 2704.559977 2703.540894 2702.604004 2702.004191 2701.810913 2702.126953 2702.096842 2701.03361 2698.167969 2694.687093 2690.870361 2685.644531 2679.349691 2672.888916 2667.401489 2662.786336 2656.839681 2648.621948 2640.921183 2634.101929 2627.692017 2620.793457 2613.529256 2606.165527 2598.177043 2590.876221 2584.735962 2578.842896 2572.842122 2566.331055 2560.366577 2555.438192 2550.695068 2546.291138 2542.316121 2538.078003 2533.166829 2527.52596 2522.098511 2517.926595 2514.350749 2511.024536 2506.664591 2500.863607 2493.657471 2484.957031 2476.029419 2468.110596 2460.939331
2708.38661 2707.184082 2706.422689 2705.3168 2704.293715 2703.449422 2702.222005 2701.535834 2700.820475 2700.043145 2699.754517 2700.053263 2699.806681 2698.73131 2695.753052 2691.147407 2685.813883 2679.628906 2673.317627 2667.091227 2661.358195 2656.339545 2651.793172 2644.606852 2636.921061 2629.989095 2623.40271 2617.182983 2611.048747 2604.975057 2597.59436 2589.216336 2581.912028 2575.413656 2568.984484 2562.524821 2556.437961 2551.176595 2546.203857 2541.551975 2537.631076 2533.529785 2528.936334 2523.40214 2517.642131 2513.163683 2509.588447 2506.624756 2503.523614 2498.865275 2493.18868 2485.296482 2475.631226 2467.041016 2459.760444
2707.30972 2706.156019 2705.219442 2704.130249 2702.906291 2701.729614 2700.363498 2699.504869 2699.03068 2698.596734 2698.481717 2698.427165 2698.024156 2696.614176 2693.344116 2687.693427 2681.217868 2674.576335 2667.599474 2661.245104 2655.816121 2650.497342 2645.453125 2639.405518 2632.271308 2624.921658 2618.181234 2611.998128 2606.493774 2601.57605 2596.612874 2588.995551 2580.607788 2573.319458 2566.615356 2559.796021 2553.295749 2547.625515 2542.462158 2537.50552 2533.222751 2529.256795 2524.916667 2519.548353 2513.532145 2508.506158 2504.678236 2501.241943 2497.904066 2494.603828 2490.568115 2484.078464 2475.608548 2466.697795 2459.015951
2706.129924 2705.393229 2704.027954 2702.725138 2702.026896 2700.716919 2699.332194 2698.504761 2697.557007 2696.810221 2696.735352 2696.776489 2696.571248 2695.010376 2691.409546 2684.783366 2676.952555 2669.987427 2662.632161 2655.88798 2651.279053 2646.156087 2640.038534 2633.638428 2626.972534 2620.004964 2613.046997 2606.249105 2600.764893 2596.26001 2592.64209 2587.690511 2579.875488 2572.277832 2565.393677 2558.493408 2551.548503 2545.085897 2539.538574 2534.270264 2529.202108 2524.966553 2520.83374 2515.852865 2510.05896 2504.301595 2499.825073 2495.934082 2492.603068 2489.513265 2486.755981 2482.842529 2476.986613 2468.403442 2458.966146
2704.85201 2704.067098 2702.770345 2701.614746 2701.009481 2699.933431 2698.52086 2697.289781 2696.124064 2695.234199 2694.714722 2694.627035 2694.558282 2692.956855 2689.298869 2682.375949 2673.759616 2665.929728 2658.541382 2651.705648 2647.090535 2643.130249 2636.847493 2629.947673 2622.751994 2615.550049 2608.464844 2601.581814 2595.51709 2590.55363 2586.464166 2582.983738 2577.052287 2570.245863 2563.801093 2557.141968 2550.459988 2543.750529 2537.650472 2531.832886 2526.219008 2521.270223 2516.725789 2511.941311 2506.493856 2500.582954 2495.701294 2491.391968 2487.785251 2484.681342 2482.211304 2480.479601 2478.37321 2470.606201 2461.197238
2703.555623 2702.620972 2701.34908 2700.557807 2699.492608 2698.61145 2697.346015 2696.033624 2694.980835 2693.961914 2693.016412 2692.552694 2692.196547 2690.18693 2686.209513 2679.197374 2670.659234 2662.359375 2654.617839 2647.73131 2642.472534 2638.612386 2633.596517 2626.706299 2619.242188 2611.787014 2604.555379 2597.324476 2590.932875 2585.725464 2580.880249 2576.505452 2572.305176 2566.698378 2561.330539 2555.505859 2549.457804 2543.240017 2536.516195 2529.991238 2523.840658 2518.463623 2513.377346 2508.199599 2502.79598 2497.08119 2491.90785 2487.455566 2483.487969 2480.386841 2477.891642 2475.96148 2472.147054 2466.467692 2461.283285
2702.193034 2701.265503 2700.07959 2699.206217 2697.967 2697.057983 2695.988241 2694.850749 2693.983521 2693.036784 2691.905192 2690.851929 2690.080526 2687.404744 2682.475464 2675.364583 2666.930339 2658.552002 2650.850993 2644.129395 2637.986572 2633.140259 2628.728638 2622.831543 2615.569051 2608.232218 2600.893555 2593.432983 2586.426351 2580.848511 2576.190674 2571.418132 2566.831543 2562.3396 2557.958089 2553.442993 2548.412069 2543.549398 2536.7146 2528.71814 2521.32312 2515.318604 2510.09493 2504.787313 2499.293457 2493.657593 2488.470825 2483.829956 2479.768107 2476.418091 2473.950562 2471.816854 2467.823527 2462.526001 2457.50118
2701.100844 2700.033067 2698.824829 2697.897081 2697.050184 2695.685832 2694.629557 2693.873467 2692.922201 2691.743462 2690.870456 2689.81783 2688.335992 2684.865194 2678.604167 2671.023722 2662.856269 2654.475505 2646.863376 2640.743042 2635.029378 2629.008124 2623.459757 2617.992839 2611.595432 2604.324924 2596.988363 2589.843045 2582.735365 2576.339884 2571.30013 2566.917331 2562.393677 2557.921034 2553.695231 2549.944458 2545.730618 2541.36952 2535.876953 2528.13718 2519.898858 2512.470866 2506.571018 2501.098741 2495.638835 2489.972344 2484.741496 2480.269206 2476.15488 2472.501316 2469.800659 2468.33724 2465.763048 2459.975179 2454.411852
2699.976291 2699.022719 2697.923665 2697.025106 2695.864827 2695.056396 2693.691786 2692.559245 2691.621745 2690.468045 2689.38189 2688.507609 2686.96464 2682.999661 2675.38973 2666.849053 2658.754774 2650.310059 2642.590441 2636.555216 2632.020223 2626.683105 2620.125081 2613.825968 2607.475979 2600.49037 2593.192505 2586.011637 2579.190145 2572.803385 2567.539347 2562.725708 2558.288778 2554.180515 2549.630819 2545.866333 2542.021742 2537.771661 2532.835205 2526.562364 2519.003974 2511.108846 2504.131036 2498.043457 2492.446004 2486.699734 2481.097995 2476.449178 2472.465101 2468.590047 2465.60616 2464.043606 2463.225532 2456.513997 2450.893568
2699.137573 2698.319906 2697.314087 2696.231486 2695.145671 2694.206055 2692.583374 2691.092489 2690.061523 2689.171224 2687.873617 2686.956055 2685.289551 2681.243734 2672.708008 2663.220581 2654.761312 2646.41394 2638.389811 2631.853149 2627.353516 2623.088949 2617.27474 2610.55603 2603.794067 2596.828125 2589.706055 2582.665812 2575.821737 2569.383423 2564.266073 2559.259562 2554.595459 2550.71342 2546.392741 2542.182495 2538.155273 2534.073649 2529.294067 2523.93103 2517.228556 2509.719604 2502.29895 2495.213175 2489.068481 2483.541911 2477.705322 2472.896973 2468.812256 2464.973755 2461.784912 2459.722493 2458.458252 2452.281006 2446.53418
2697.986898 2697.218736 2696.577026 2695.21209 2694.075209 2692.86145 2691.422567 2690.147068 2688.78186 2687.683824 2686.695258 2685.622355 2683.684638 2679.315742 2670.132324 2660.121365 2651.359633 2643.106201 2635.153809 2627.812161 2622.188029 2618.063612 2613.189752 2607.13033 2600.19104 2592.960273 2585.849284 2579.099067 2572.63151 2566.343831 2561.068115 2556.322361 2551.611654 2547.48999 2543.367472 2539.159139 2534.989868 2530.893528 2526.59196 2521.769219 2515.872748 2508.711019 2501.094333 2493.660794 2486.746175 2480.460856 2474.692017 2469.184204 2464.821696 2461.078885 2457.988322 2455.86046 2452.848307 2447.467163 2441.468126
2696.468641 2696.083984 2695.538778 2694.199517 2693.24981 2692.163005 2690.883626 2689.46639 2687.995199 2686.610216 2685.557427 2684.502238 2682.611464 2678.068142 2668.288005 2657.549425 2648.286323 2640.141276 2632.429443 2624.776042 2617.841756 2612.76869 2608.370294 2602.868123 2596.450236 2588.933553 2581.607503 2575.077067 2569.188395 2563.452026 2558.241482 2553.624308 2548.918783 2544.291246 2540.106879 2535.988363 2532.010037 2528.206733 2524.04891 2520.141737 2515.5228 2508.248372 2501.112467 2493.721653 2486.204549 2478.953152 2472.200019 2465.61202 2460.032769 2456.359334 2453.543213 2450.703857 2446.787774 2441.638794 2435.758002
2695.037516 2694.821655 2694.475952 2693.612712 2692.502686 2691.547974 2690.339396 2689.120117 2687.636963 2686.079915 2684.703369 2683.490479 2681.930949 2677.566935 2667.672119 2656.232422 2645.980754 2637.522461 2629.707113 2622.323079 2614.504028 2608.176351 2603.503906 2598.439087 2592.527425 2585.108195 2577.555054 2570.94694 2565.328654 2560.170532 2555.156209 2550.668701 2545.990967 2541.262329 2537.06311 2532.799561 2528.839681 2525.288045 2522.100952 2519.002441 2515.475016 2509.30603 2503.398112 2497.293783 2487.72998 2479.055949 2471.29187 2463.415405 2455.799398 2450.145915 2447.049927 2445.008301 2442.955892 2437.019531 2430.370117
2694.011922 2693.286689 2693.547201 2693.295369 2692.318536 2691.487712 2690.330743 2689.351874 2687.853312 2686.029297 2684.514947 2682.707886 2680.717963 2677.354045 2668.567139 2656.5507 2645.335626 2635.9882 2627.212958 2619.598145 2611.919881 2604.574965 2598.719455 2593.65686 2588.048584 2581.383545 2574.072876 2567.480604 2561.945055 2556.757812 2551.95737 2547.493462 2543.267822 2538.654812 2534.40507 2530.11731 2526.165365 2522.618679 2519.839518 2517.040785 2514.615519 2510.532511 2506.019572 2502.091485 2493.731201 2480.516941 2471.859239 2463.298462 2454.105903 2446.655613 2441.062459 2438.42098 2436.093709 2431.58903 2426.0751
2692.064182 2691.977851 2692.178467 2692.17825 2691.446913 2690.89152 2690.079888 2689.237061 2687.883382 2686.217014 2684.596734 2682.440267 2679.637492 2676.207587 2669.165446 2657.749525 2645.574775 2635.350789 2625.755629 2617.039469 2609.250203 2601.806871 2594.797187 2589.219686 2583.768311 2577.412245 2570.622884 2564.386163 2559.045722 2553.747111 2548.813612 2544.435154 2540.218221 2536.065877 2531.723972 2527.587524 2523.726997 2520.27261 2517.438802 2514.887763 2512.242296 2508.276652 2504.522163 2502.602946 2496.84318 2482.603678 2474.472575 2462.65568 2450.762763 2441.593723 2435.587809 2432.037543 2428.87972 2425.405802 2420.940226
2690.138753 2690.663656 2690.567017 2690.762573 2690.313558 2689.968994 2689.404785 2688.642253 2687.44751 2686.017782 2684.338704 2681.820435 2678.566488 2674.200643 2668.489502 2658.649536 2645.984538 2635.125488 2625.189657 2615.328003 2606.640503 2599.053223 2591.910685 2585.217407 2579.606934 2573.762004 2567.231567 2561.210246 2555.833659 2550.808594 2545.834757 2541.150513 2536.916016 2532.893229 2528.651693 2524.918579 2521.173828 2518.529582 2515.781982 2513.111979 2508.584595 2502.695435 2498.831665 2497.041707 2497.361938 2483.112101 2474.080322 2460.669556 2447.447428 2437.694824 2430.723022 2426.063314 2421.920044 2418.814087 2415.285156
2688.420098 2688.7956 2689.053304 2689.243462 2689.050524 2688.765666 2688.411608 2687.886637 2686.836304 2685.371731 2683.827813 2681.532593 2677.480726 2671.29678 2665.924642 2657.851644 2646.287245 2635.097371 2625.413981 2615.153971 2605.135335 2596.427341 2589.236586 2582.300496 2576.087646 2570.343831 2564.647135 2558.562202 2552.757894 2547.69165 2542.696791 2538.078532 2533.684652 2529.671577 2525.788317 2522.025798 2518.259372 2515.757338 2513.229329 2509.667508 2500.689982 2496.203044 2492.057726 2488.453735 2486.344808 2481.520481 2473.637383 2457.973511 2446.93434 2436.915487 2427.660726 2421.020779 2416.509128 2412.543538 2409.118178
2686.710476 2687.059462 2687.34965 2687.699707 2687.811062 2687.515991 2687.223904 2686.683336 2685.858073 2684.629503 2683.068698 2681.031006 2676.815647 2668.722046 2661.74882 2655.564846 2645.658434 2634.960815 2625.792996 2616.168769 2605.127319 2594.912625 2586.985379 2579.936686 2573.376438 2567.442329 2562.240967 2556.259345 2550.171292 2544.784017 2539.892863 2535.240153 2530.960164 2526.820502 2522.84691 2518.939209 2514.523451 2510.7744 2508.481812 2503.801839 2496.334934 2488.828369 2482.03772 2477.051351 2475.113851 2476.043159 2472.685004 2457.360352 2449.096069 2441.681858 2426.421997 2416.821872 2411.415988 2407.088013 2402.745511
2685.426758 2685.736613 2685.876953 2686.347493 2686.611572 2686.365479 2685.859619 2685.093831 2684.414917 2683.553955 2682.284831 2680.148438 2676.146077 2667.036987 2657.998535 2651.880168 2643.465251 2633.808105 2625.663696 2617.613566 2606.480469 2594.960164 2585.66512 2578.193604 2571.227132 2564.867065 2559.52002 2553.987712 2547.746053 2542.122925 2537.198161 2532.542399 2528.196533 2524.1521 2519.711995 2515.25647 2509.335531 2504.82137 2500.648071 2493.291219 2487.724609 2479.607422 2474.887329 2469.069865 2463.777954 2464.797526 2458.02242 2451.956909 2449.220011 2442.784261 2427.954468 2417.614583 2407.056315 2402.002563 2397.335205
2683.539727 2684.013021 2684.300171 2684.656833 2684.963162 2684.820109 2684.482598 2683.534993 2682.482056 2681.746148 2680.945841 2678.960856 2675.227553 2666.732205 2655.777344 2648.193197 2640.341838 2631.328491 2623.891737 2617.386678 2608.098348 2596.523953 2585.799873 2577.472168 2569.821452 2562.916138 2556.743327 2551.376614 2545.321791 2539.471069 2534.373318 2529.740411 2525.19987 2521.0212 2516.641927 2511.241496 2505.893283 2501.231215 2494.32133 2485.670695 2477.525486 2471.21106 2466.171794 2457.9037 2453.112467 2453.66253 2450.303833 2445.417277 2443.031467 2438.606147 2427.976644 2419.286228 2405.071275 2397.161051 2392.565226
2681.603326 2682.068414 2682.314006 2682.721965 2683.232422 2683.091024 2682.83454 2682.205675 2680.804321 2679.515828 2678.676731 2677.21346 2673.816433 2666.612522 2655.062215 2645.175591 2637.076362 2628.114543 2620.839261 2615.400892 2608.354289 2598.055284 2586.913045 2577.56547 2569.358832 2561.788574 2554.835002 2548.620483 2542.799154 2536.603109 2531.140367 2526.390069 2521.92688 2517.617839 2512.222195 2506.989136 2500.377604 2494.84158 2489.003662 2479.565606 2471.510457 2464.284953 2455.980469 2449.31326 2445.69519 2444.896335 2443.030762 2438.884847 2436.668728 2435.795044 2424.928914 2415.438897 2402.558105 2392.577067 2387.717204
2679.903483 2680.256877 2680.386475 2680.816976 2681.520304 2681.654053 2681.233643 2680.725423 2679.489502 2677.455078 2675.80245 2674.340942 2671.596761 2664.770996 2654.477539 2643.48759 2634.384399 2625.091064 2617.0684 2611.993327 2606.555054 2598.58488 2588.385701 2578.081543 2569.432292 2561.618164 2554.343994 2546.933797 2540.539754 2534.006958 2527.712036 2522.416219 2517.867432 2513.529907 2508.484741 2501.252075 2494.460205 2488.905192 2483.115479 2474.273763 2466.675496 2458.904541 2451.520426 2444.424479 2439.538452 2436.055827 2433.385742 2430.345947 2428.783569 2429.561768 2423.132568 2415.441732 2403.983398 2390.088013 2382.968262
