examples/EXAMPLE6/topography_dem.asc
ncols 401
nrows 401
xllcorner 499650
yllcorner 4175350
cellsize 10
NODATA_value  -9999
[rows 120 to 143 of 401, columns 55 to 109 of 401]
3140.367635 3139.283949 3138.98386 3138.452555 3137.541029 3135.993449 3133.520142 3130.803033 3128.344944 3125.889811 3123.696153 3121.29225 3118.52653 3115.176988 3111.773872 3108.980103 3106.413764 3103.79461 3101.124593 3098.219754 3094.985026 3091.605713 3087.894111 3083.899156 3079.939657 3076.195991 3072.452637 3069.004639 3065.759427 3062.151571 3058.627319 3055.078505 3051.034044 3046.561971 3042.26435 3037.897895 3033.901815 3030.30306 3026.546075 3022.946208 3019.487996 3015.998277 3012.414185 3008.755018 3005.158352 3001.652669 2998.509698 2995.201931 2991.900635 2988.18457 2984.347019 2980.280802 2976.138536 2971.746514 2966.97701
3143.647298 3142.97111 3143.044623 3142.611369 3141.550618 3139.924303 3137.335897 3134.300632 3131.291124 3128.480509 3126.273139 3123.875068 3120.951864 3117.295573 3114.30051 3111.702352 3109.072795 3106.331909 3103.383993 3100.459866 3097.037828 3093.062459 3088.956909 3084.773627 3080.664836 3076.668945 3072.711765 3068.955973 3065.43925 3062.091743 3058.430013 3054.595093 3050.623942 3046.200602 3042.042386 3037.767619 3033.559163 3029.694987 3025.854112 3022.388021 3018.98173 3015.457357 3011.834351 3008.17391 3004.743666 3001.372192 2998.200304 2994.903931 2991.642008 2988.129083 2984.347955 2980.239054 2976.103448 2971.794298 2967.175008
3147.491943 3147.68575 3148.506673 3147.778442 3145.992106 3144.038778 3141.179077 3137.717122 3134.161418 3131.327515 3129.029948 3126.269938 3123.018555 3119.666016 3116.981079 3114.212036 3111.635254 3108.629272 3105.399536 3102.163493 3098.72111 3094.426514 3090.267904 3086.056274 3081.619995 3077.118693 3072.899536 3068.968018 3065.443156 3061.935669 3058.367432 3054.684855 3050.517375 3046.37793 3042.196899 3038.41862 3034.255981 3030.259888 3026.306641 3022.713501 3019.113403 3015.370931 3011.497437 3007.953613 3004.404419 3001.126465 2997.911092 2994.536255 2991.174561 2987.741292 2983.556315 2979.396973 2975.413493 2971.137573 2966.614502
3151.982992 3152.326619 3153.094103 3152.950236 3151.115262 3148.209174 3144.725342 3140.931573 3137.262207 3134.374349 3131.692125 3128.383477 3125.123617 3122.074327 3119.447442 3116.71696 3113.924574 3110.775431 3107.046672 3103.295058 3099.71087 3095.61377 3091.407756 3086.994778 3082.369832 3077.778659 3073.627252 3070.053792 3066.458564 3062.904419 3059.231812 3055.324856 3051.329766 3047.353312 3043.230821 3039.391168 3035.125448 3031.001763 3027.050347 3023.210856 3019.597195 3015.744317 3011.867106 3008.158366 3004.611749 3001.360311 2998.153917 2994.250651 2990.743123 2987.053413 2983.205621 2979.102336 2974.868815 2970.447361 2965.978556
3156.786621 3156.888468 3157.009996 3156.938965 3155.663696 3152.137221 3148.129313 3143.994507 3140.328735 3137.279541 3134.110229 3130.79385 3127.532308 3124.631415 3121.921794 3118.988037 3115.889065 3112.229669 3108.415202 3104.566786 3100.719604 3096.563151 3092.383355 3087.847968 3083.207845 3079.119642 3075.493205 3071.811686 3067.956028 3064.482178 3060.251506 3056.023166 3052.536702 3048.723022 3044.567641 3040.214003 3035.962646 3031.979953 3028.080824 3024.117839 3020.300401 3016.351291 3012.369425 3008.576457 3005.071343 3001.647013 2998.21578 2993.997437 2990.062337 2986.532918 2983.358751 2979.621663 2975.356825 2970.402669 2965.74585
3161.336426 3161.095581 3160.977173 3160.435913 3158.714722 3155.420451 3151.045532 3146.760335 3142.854492 3139.625977 3136.496541 3133.115601 3129.950439 3127.171102 3124.028605 3120.745483 3117.236654 3113.545858 3109.70752 3105.511271 3101.558024 3097.567017 3093.540446 3088.886312 3084.188477 3081.151571 3077.710612 3073.249023 3069.498494 3066.164347 3061.969971 3057.726929 3053.687012 3049.842041 3046.027751 3041.445231 3037.071899 3033.116455 3029.246419 3025.416016 3021.515055 3017.450928 3013.384033 3009.346761 3005.559326 3001.873535 2998.159424 2994.207601 2990.019409 2986.844279 2983.376872 2979.661011 2975.438517 2970.503418 2965.661987
3165.374593 3165.196506 3164.987901 3164.040812 3161.859606 3157.765706 3153.177368 3148.735867 3144.790894 3141.577637 3138.413425 3135.201213 3132.150716 3129.045763 3125.605686 3122.218099 3118.477159 3114.551785 3110.745809 3106.96365 3103.056654 3099.206828 3095.035088 3090.171875 3085.436198 3082.564155 3078.717448 3073.879679 3070.498725 3067.36518 3063.604451 3059.43792 3055.07038 3051.018351 3047.008396 3042.538181 3038.176676 3034.343628 3030.632623 3026.618368 3022.504774 3018.680583 3014.611369 3010.422295 3006.438666 3002.313029 2998.349704 2994.765516 2991.262817 2987.42334 2983.451918 2979.226685 2974.665554 2969.937297 2965.264648
3169.53833 3169.43556 3168.736979 3167.524333 3165.459161 3160.827813 3155.955811 3151.385986 3147.346137 3143.726196 3140.388794 3137.108154 3133.961995 3130.478502 3126.913167 3123.395996 3119.489393 3115.760281 3112.311686 3108.808716 3105.132704 3101.347331 3097.490926 3092.74646 3087.815145 3083.66371 3079.277995 3074.667155 3071.584825 3068.604479 3064.621501 3059.958605 3055.696181 3051.926351 3048.288913 3044.445055 3039.940063 3035.672987 3031.771077 3027.566854 3023.372206 3019.6435 3015.787679 3011.62028 3007.298041 3003.092 2999.092665 2995.499864 2991.853353 2987.864638 2983.749376 2979.280843 2974.705499 2969.703871 2964.725993
3173.5625 3172.940877 3171.74825 3170.185547 3168.347087 3164.321208 3159.312988 3155.048869 3150.928792 3147.000977 3143.241252 3139.651367 3135.770386 3132.1368 3128.338582 3124.799561 3121.189535 3117.700358 3114.236084 3110.820353 3107.309408 3103.747437 3099.749268 3095.660929 3091.143555 3086.396484 3081.602376 3076.825439 3073.000081 3069.906006 3065.8125 3061.024414 3056.377808 3052.474487 3049.445557 3045.755575 3041.570435 3037.153564 3032.843465 3028.50708 3024.323201 3020.535767 3016.817017 3012.536825 3008.180135 3004.008423 3000.153239 2996.608927 2992.994507 2989.281209 2985.356242 2980.826538 2975.990682 2970.655599 2965.281494
3177.073934 3175.631131 3174.329454 3172.929647 3171.220391 3168.179552 3163.437785 3159.269355 3155.111301 3151.169027 3147.229153 3142.959337 3139.239014 3135.339288 3130.929023 3127.164673 3123.567546 3119.807305 3116.360514 3112.806044 3109.334432 3105.53715 3101.550279 3097.454346 3093.14152 3088.79031 3084.292019 3079.777751 3075.247694 3071.288276 3067.130127 3062.794746 3058.341417 3054.261759 3050.577908 3046.830078 3042.754842 3038.602037 3034.271796 3030.001424 3025.178128 3020.912109 3016.897339 3012.666599 3008.689412 3005.252808 3001.905992 2999.000583 2995.929281 2992.49273 2988.516018 2983.952189 2978.914714 2973.451185 2968.336873
3180.69279 3179.135498 3177.614638 3176.405477 3174.594537 3172.155301 3168.003459 3163.832533 3159.71422 3155.697632 3151.700873 3147.336792 3143.536296 3139.185533 3134.875502 3130.777181 3126.724582 3122.759332 3118.878174 3115.095133 3111.245104 3107.11735 3102.983792 3098.55759 3094.195719 3089.721992 3085.739109 3081.232544 3076.758477 3072.621243 3068.488688 3064.37127 3060.428263 3056.603882 3052.529595 3048.199354 3043.588216 3038.878011 3034.183594 3029.702759 3024.541314 3019.995687 3015.763184 3011.742689 3008.135783 3005.36495 3002.728136 3000.577325 2998.162354 2995.42551 2991.633057 2987.276164 2982.395155 2977.325439 2972.503174
3185.267944 3183.38973 3182.106567 3180.765015 3179.070272 3176.393677 3172.561035 3168.528931 3164.706502 3160.530518 3156.268311 3152.04834 3147.724487 3143.357056 3139.386922 3135.260498 3131.142619 3127.007487 3122.594482 3118.609578 3114.074463 3109.126465 3104.964884 3100.277384 3095.60498 3091.116577 3086.593262 3082.227539 3078.039836 3074.10734 3070.105469 3065.947876 3062.036133 3058.150024 3053.733358 3048.479248 3042.763062 3036.861165 3031.306152 3026.155029 3021.510579 3017.088175 3012.774536 3008.99113 3005.687907 3003.036987 3000.895182 2999.265137 2997.468018 2995.674927 2992.741577 2989.340576 2985.368327 2980.869222 2976.497925
3190.255005 3188.516452 3187.136176 3185.825195 3183.837646 3181.088013 3177.620483 3173.849257 3169.935683 3165.530518 3161.056641 3157.010484 3152.644002 3148.421916 3144.561374 3140.465007 3135.944648 3131.503933 3126.953166 3122.585354 3118.016941 3113.091593 3108.360474 3103.459418 3098.626017 3093.731066 3088.963745 3084.043172 3079.484768 3075.250285 3071.276652 3067.579115 3063.284953 3058.372477 3052.352892 3045.88954 3039.69519 3033.624485 3028.030748 3022.81307 3018.111125 3013.933336 3010.420003 3007.809082 3005.878811 3004.01062 3001.771769 2999.52927 2997.12439 2994.664958 2991.902439 2988.76241 2985.579183 2981.969971 2978.381673
3195.053182 3193.419176 3192.364285 3191.07251 3188.993978 3186.064223 3182.59672 3179.100464 3175.172309 3170.438192 3166.293132 3162.247314 3158.200358 3153.96913 3149.667169 3145.391032 3141.08454 3136.36598 3131.722371 3126.878377 3122.112278 3116.997355 3111.872016 3107.058377 3102.051839 3096.730672 3091.69751 3086.567342 3081.534885 3076.73291 3072.414388 3068.316026 3063.273505 3056.801432 3050.368503 3043.981106 3037.932332 3031.679376 3025.920234 3020.959513 3016.58138 3012.825141 3010.405599 3008.626899 3007.014147 3005.316162 3003.243598 3000.372776 2997.214193 2994.032756 2991.084893 2988.105672 2985.187378 2982.125651 2978.677205
3199.706421 3198.092611 3197.178507 3196.044556 3194.107707 3191.386759 3187.460449 3183.942749 3179.794393 3175.571533 3171.726929 3167.479492 3163.299561 3158.908244 3154.673421 3150.342529 3145.755168 3141.136841 3136.288574 3131.528198 3126.616496 3121.169556 3115.954997 3110.947469 3105.54895 3100.187459 3094.837524 3089.403076 3083.970744 3078.746745 3073.786499 3068.880575 3062.604736 3055.468994 3049.875732 3044.621419 3039.115479 3032.981445 3027.114746 3021.963013 3017.329305 3012.972616 3009.69043 3007.713989 3005.868083 3004.016479 3002.273234 2999.764079 2996.782959 2993.260701 2989.951579 2987.07959 2984.524658 2981.548787 2978.267944
3204.86381 3203.367771 3202.385444 3200.974772 3199.101725 3196.155355 3192.746134 3188.964464 3185.044922 3181.104696 3176.924533 3172.667603 3168.273315 3163.714125 3159.457126 3154.898031 3150.198934 3145.623874 3140.674642 3135.713189 3130.557685 3125.317627 3120.432278 3114.786119 3109.21285 3103.490818 3098.005317 3092.242879 3086.183173 3080.28399 3074.523153 3068.687893 3062.493368 3056.278402 3051.616238 3046.842272 3041.275269 3035.11579 3028.997491 3023.496826 3018.270996 3013.639784 3009.988322 3007.419054 3005.309882 3003.385173 3001.63661 2999.495904 2996.766805 2993.118856 2989.781928 2986.583333 2983.841132 2980.867432 2977.259481
3210.37854 3208.953532 3207.716078 3206.186768 3204.216702 3201.468018 3198.136678 3194.39407 3190.379517 3186.394165 3182.181329 3177.776354 3173.484009 3168.890801 3164.336697 3159.745361 3154.922038 3149.944282 3144.983846 3139.917318 3134.427544 3129.031169 3123.181695 3116.881917 3110.462402 3104.001194 3098.2272 3092.19401 3085.577732 3079.042697 3072.539307 3066.495185 3060.85045 3055.41984 3051.055705 3046.474542 3041.223918 3035.512926 3030.160143 3024.66097 3019.098728 3014.234701 3010.37085 3007.940538 3006.131456 3004.082316 3002.11594 3000.062174 2996.714233 2992.729546 2989.277398 2986.149455 2983.221639 2980.186293 2976.623657
3216.218506 3214.842163 3213.658895 3211.934448 3209.556274 3206.855265 3203.636475 3199.760579 3195.746501 3191.882568 3187.564209 3183.279948 3178.555054 3173.950114 3169.374308 3164.744019 3159.66512 3154.566854 3149.221436 3143.650228 3137.019368 3130.222046 3123.430176 3116.126912 3109.033447 3102.679118 3096.559937 3090.287964 3083.788778 3077.477132 3070.98999 3064.461955 3058.664429 3053.570435 3048.92863 3044.739583 3040.568481 3036.461629 3031.395101 3025.710938 3020.388021 3015.407145 3012.187012 3010.847738 3009.38208 3006.849976 3004.072713 3001.096029 2997.26355 2993.112101 2989.538086 2986.031982 2982.747111 2979.734619 2976.540527
3222.5413 3221.21814 3219.797648 3217.920288 3215.442261 3212.372599 3209.044352 3205.371989 3201.643487 3197.513143 3193.21799 3188.656765 3183.910075 3178.994493 3174.022773 3168.959839 3163.661228 3158.103977 3151.352702 3144.306681 3137.088935 3130.075195 3122.899835 3115.848985 3109.010498 3102.428263 3096.006619 3089.573649 3083.360596 3076.742757 3070.138672 3063.495212 3057.37542 3052.604004 3048.257134 3045.286079 3042.632853 3039.036485 3033.834527 3028.163534 3023.174886 3018.791816 3015.669678 3013.748671 3010.865506 3007.63619 3004.418525 3001.320041 2997.727661 2993.734619 2989.620239 2986.380981 2983.44949 2980.107951 2976.705078
3229.079468 3227.733629 3226.195001 3224.111206 3221.407756 3218.346029 3214.878011 3211.22035 3207.218411 3203.056315 3198.72168 3193.807468 3188.895467 3183.753052 3178.379178 3172.715861 3166.395101 3159.399997 3152.342367 3145.071655 3137.681722 3130.541748 3123.40823 3116.448324 3109.774536 3103.156562 3096.306925 3089.854289 3083.58747 3077.111098 3070.45105 3064.02379 3058.147122 3054.015544 3050.473212 3048.720147 3046.588053 3042.627808 3037.229248 3031.729655 3026.658583 3022.896647 3019.668538 3016.686537 3013.354017 3010.211873 3006.488634 3002.981418 2998.826538 2994.168281 2989.253866 2986.038656 2983.630669 2979.344577 2975.742839
3235.883911 3234.591268 3232.609456 3230.229492 3227.488647 3224.497721 3220.925415 3217.185791 3212.878337 3208.549927 3204.303833 3199.107096 3193.973022 3188.293132 3182.398966 3174.848511 3168.215332 3161.79952 3154.124512 3146.351847 3138.981038 3131.616455 3124.69043 3118.059774 3111.246582 3104.479411 3097.694336 3091.013062 3084.749308 3078.450073 3072.006958 3065.954468 3060.26945 3056.599976 3054.235067 3053.662557 3051.288452 3046.547282 3041.003255 3035.709473 3031.76123 3028.203084 3024.378418 3020.528076 3016.567098 3011.898926 3007.10616 3002.554565 2997.697021 2992.871785 2988.079305 2983.935547 2980.581462 2976.299032 2972.260986
3242.730835 3241.448215 3239.481866 3236.96464 3234.106025 3230.820774 3226.895508 3222.794095 3218.548082 3214.084473 3209.336277 3203.932359 3198.03894 3191.122681 3183.164646 3175.762288 3168.687459 3161.479546 3154.064372 3146.839491 3140.144138 3133.18868 3126.500773 3119.796604 3112.902181 3106.270223 3099.721422 3093.284465 3087.194865 3080.849311 3074.715373 3069.172892 3064.364814 3060.876017 3058.775391 3058.38992 3055.435018 3050.537069 3045.71814 3041.131185 3037.919325 3033.860962 3028.993164 3024.018717 3018.702827 3013.063354 3007.554959 3002.263007 2996.547363 2991.248603 2986.230225 2981.509644 2977.290514 2972.884725 2968.503784
3249.654867 3248.363553 3246.292358 3243.638835 3240.558539 3236.924099 3232.741292 3228.50236 3224.114814 3219.447347 3213.832058 3206.603326 3199.2288 3191.290595 3183.468126 3176.422811 3169.627509 3162.503893 3155.322673 3148.697116 3142.137668 3135.117798 3128.496257 3121.755263 3115.135335 3108.536363 3102.261949 3096.01884 3089.992893 3084.346259 3078.372884 3072.843262 3068.384101 3064.924967 3062.935221 3062.752184 3059.619385 3055.168606 3051.08115 3047.075643 3043.447008 3038.711087 3033.171997 3027.21677 3021.002916 3014.970337 3009.08256 3003.421143 2997.443807 2991.815823 2986.132501 2980.751668 2975.755873 2970.836643 2966.152791
3256.64209 3255.214193 3253.013265 3250.350586 3247.023112 3243.402303 3238.811523 3234.163289 3229.666626 3224.474487 3217.384318 3207.799357 3199.607544 3192.197754 3185.033651 3178.130493 3171.267293 3164.315592 3157.478027 3150.667765 3143.865397 3137.049561 3130.507406 3124.221598 3117.745483 3111.768392 3105.936686 3099.515015 3093.561401 3088.013102 3082.186035 3076.868368 3072.195109 3069.140991 3067.673096 3067.751424 3064.663452 3061.111328 3057.3479 3052.926025 3048.302938 3042.848836 3036.343994 3030.071777 3023.521077 3017.128418 3010.832072 3004.843099 2998.663086 2992.91569 2987.115723 2981.277954 2975.77356 2970.141235 2965.006104
