examples/EXAMPLE6/topography_dem.asc
ncols 401
nrows 401
xllcorner 499650
yllcorner 4175350
cellsize 10
NODATA_value  -9999
[rows 72 to 95 of 401, columns 330 to 384 of 401]
2184.341688 2178.471476 2173.182102 2169.058974 2166.152832 2163.603122 2160.577813 2157.623454 2154.98409 2152.931071 2150.913818 2147.918701 2144.634806 2141.555786 2138.456245 2135.369765 2132.556966 2130.134399 2128.747681 2127.35437 2125.391371 2123.545532 2121.751994 2120.491007 2119.62736 2119.156006 2119.275608 2120.357761 2121.624308 2123.223402 2126.742689 2130.164347 2133.787598 2138.536336 2144.214844 2149.049113 2153.970852 2159.467448 2165.979858 2174.938802 2184.593506 2196.806478 2205.193658 2206.522664 2204.615316 2198.886081 2193.647786 2189.281765 2184.359619 2180.277466 2175.901557 2169.634332 2162.941935 2156.554755 2151.649563
2184.336439 2177.933146 2171.985297 2167.143175 2163.646688 2160.560506 2157.216593 2153.892008 2151.006592 2148.926242 2147.264201 2144.786228 2141.814629 2139.053426 2136.494358 2133.984321 2131.427856 2128.867893 2126.835693 2125.154215 2123.448636 2121.678887 2120.118327 2118.992757 2118.04834 2117.341838 2116.937351 2116.976278 2117.783773 2119.552138 2122.548692 2126.013509 2129.749363 2133.833293 2139.164836 2145.044949 2150.513021 2155.772461 2162.081217 2171.090142 2180.495768 2190.759969 2199.969428 2201.774048 2198.882514 2192.22385 2186.186971 2180.125312 2174.508857 2170.996338 2167.480509 2162.831055 2156.225708 2149.954997 2145.111654
2185.027059 2178.369019 2171.937256 2166.227214 2161.935059 2158.289062 2154.764893 2151.158569 2147.833822 2145.168823 2143.554443 2141.642497 2139.128255 2136.777954 2134.417928 2132.143758 2129.881958 2127.586507 2125.39738 2123.509521 2121.860311 2120.366984 2118.845947 2117.657918 2116.632731 2115.587891 2114.857829 2114.581136 2114.767578 2116.07959 2118.721395 2121.835083 2125.541748 2129.09257 2134.126099 2139.39502 2144.701619 2149.367432 2156.128947 2167.052205 2176.384033 2184.002767 2194.084554 2197.241455 2193.175741 2185.319906 2178.972046 2171.68103 2166.278402 2162.111572 2158.520711 2153.688965 2147.800049 2142.288534 2138.108439
2185.823188 2179.067301 2172.404093 2166.178847 2161.001628 2156.686279 2152.952148 2149.296183 2145.697849 2142.542535 2140.173706 2138.496379 2136.820218 2134.918498 2132.659654 2130.411933 2128.207153 2125.964871 2123.97153 2122.362345 2120.809584 2119.163466 2117.484823 2116.131036 2114.988254 2113.995524 2113.286499 2113.078098 2113.045369 2113.617649 2115.558092 2118.146729 2121.067139 2124.206651 2129.481201 2135.151544 2139.734199 2143.921061 2148.398098 2159.019504 2171.224731 2176.813463 2183.060615 2189.199463 2187.177951 2179.691108 2172.035848 2164.768528 2159.113213 2154.329834 2149.775011 2144.993652 2140.181396 2135.786268 2131.7846
2186.451714 2179.580688 2172.967828 2166.694702 2160.975016 2155.744086 2151.259359 2147.345296 2143.791531 2140.544257 2137.535563 2135.275119 2133.94184 2132.543172 2130.860419 2129.083754 2126.974325 2125.081068 2123.383545 2121.779907 2119.940118 2118.033854 2116.119751 2114.555501 2113.390544 2112.608643 2111.907186 2111.630222 2111.703206 2112.030219 2113.000746 2114.661662 2117.003106 2119.987793 2125.774211 2132.371962 2136.057807 2139.011841 2142.810655 2149.428765 2160.061849 2167.320584 2172.654107 2179.437337 2181.996813 2175.465983 2167.434367 2160.08549 2153.976278 2148.594523 2143.495768 2138.698473 2133.91687 2129.499973 2125.72305
2187.180705 2180.5625 2173.861735 2167.52832 2161.616577 2155.500122 2149.925171 2145.613403 2141.952474 2138.924927 2135.776001 2132.818115 2131.034058 2129.682495 2128.602051 2127.344523 2125.562988 2123.978923 2122.693726 2121.276489 2119.45109 2117.801107 2115.893066 2114.025594 2112.699097 2111.754028 2110.774984 2110.072469 2110.244995 2110.54366 2111.075277 2112.021973 2113.765259 2116.326904 2120.648926 2128.08256 2131.871623 2133.979004 2138.021729 2143.990763 2150.885498 2158.958252 2165.438151 2171.092041 2173.881592 2170.01827 2163.311523 2155.824137 2149.456746 2143.747437 2138.68339 2133.49174 2128.647461 2123.795695 2119.888224
2187.862549 2181.303874 2174.547485 2167.930257 2161.64506 2155.296427 2149.356689 2144.488851 2140.361464 2137.279392 2134.696859 2132.220825 2129.653347 2127.420736 2125.738566 2124.776109 2123.709391 2122.385932 2121.300117 2120.236694 2118.963921 2117.543701 2116.156698 2114.514676 2113.079129 2111.924642 2110.584432 2109.38265 2108.995158 2109.192627 2109.78989 2110.446086 2111.489895 2113.18674 2116.463826 2121.961534 2126.533881 2129.268962 2133.305542 2139.495321 2145.602824 2152.549262 2158.604763 2162.371663 2164.101902 2162.59196 2158.583008 2152.047119 2145.25689 2139.29012 2133.847805 2128.732246 2123.862956 2118.828464 2114.662476
2188.076918 2181.588704 2175.01256 2168.191406 2161.515991 2155.013767 2148.981323 2143.735799 2138.977403 2135.375109 2133.182861 2131.387397 2129.015571 2126.366577 2123.859877 2122.43335 2121.599976 2120.730998 2120.060967 2119.233968 2118.31288 2117.302138 2116.226847 2114.902683 2113.621962 2112.318115 2111.08587 2110.033013 2108.914673 2108.539415 2108.946384 2109.524821 2110.187364 2110.933282 2112.864136 2117.23291 2121.067274 2125.362874 2130.26907 2136.118544 2142.418009 2148.164795 2151.730265 2153.756144 2153.825697 2153.317071 2150.893311 2146.441284 2140.17589 2134.393514 2129.096164 2124.088433 2118.987183 2113.992703 2109.49353
2186.894165 2181.094482 2174.827393 2168.292562 2161.451538 2154.849569 2148.454508 2142.821533 2137.746948 2133.522909 2130.956055 2129.297567 2127.543416 2125.185425 2122.61145 2120.677246 2119.961548 2119.567993 2119.161296 2118.296509 2117.611043 2117.119303 2116.163452 2114.955933 2113.985067 2112.813477 2111.690145 2110.745117 2109.650024 2109.171427 2108.938883 2109.050903 2109.393758 2109.494466 2109.991455 2112.678914 2117.277913 2122.607056 2129.177409 2134.57841 2140.00647 2143.907227 2145.41805 2146.087891 2144.615194 2143.385946 2142.335449 2139.746908 2135.29541 2129.980469 2124.447388 2119.403239 2114.19104 2109.273641 2104.810343
2184.398315 2179.926839 2174.311591 2168.270942 2161.531006 2154.650133 2148.100925 2142.07487 2136.77634 2132.320502 2129.101685 2126.903429 2125.216824 2123.056112 2120.57175 2118.854289 2118.408488 2118.241916 2117.859361 2117.348958 2116.908407 2116.584581 2115.750163 2114.72229 2113.897841 2113.056681 2112.20459 2111.119656 2110.164551 2109.688816 2109.169406 2108.980021 2108.958252 2108.81604 2108.561198 2109.484348 2113.327121 2119.399414 2127.239054 2132.122681 2136.38029 2138.518053 2139.768595 2139.348674 2137.455241 2135.698242 2134.620321 2133.585151 2131.220785 2126.58903 2121.065823 2115.743015 2110.272013 2105.105835 2100.290568
2180.607842 2178.060221 2173.617784 2168.13052 2161.955037 2154.865153 2147.775174 2141.677368 2136.140394 2131.445977 2127.653483 2124.777113 2122.721042 2120.741618 2118.460544 2117.015096 2116.78536 2116.988051 2116.722751 2116.314494 2115.919908 2115.595676 2114.887085 2114.211521 2113.46011 2112.827271 2112.142266 2111.383396 2110.626343 2110.082086 2109.713501 2109.189779 2108.703925 2108.276272 2107.737996 2107.715441 2109.34847 2114.210164 2122.29541 2128.100057 2131.286336 2132.998318 2134.696859 2134.279338 2131.812025 2129.708957 2128.429525 2127.966431 2127.22248 2124.262655 2119.618991 2114.572198 2108.817383 2101.774251 2096.16885
2175.493612 2174.376465 2171.807048 2167.288615 2161.642456 2154.965332 2147.860433 2141.557007 2135.778158 2130.629842 2126.39502 2123.12793 2120.462118 2118.365479 2116.349854 2115.188965 2115.264038 2115.671183 2115.458577 2114.771973 2114.245728 2113.788167 2113.279541 2112.984253 2112.292521 2111.763062 2111.320109 2110.883301 2110.568481 2110.087931 2109.743896 2109.195557 2108.287069 2107.523722 2106.969971 2106.573893 2106.774699 2109.112549 2115.872396 2122.197469 2124.782959 2126.629028 2129.428914 2129.922485 2127.210246 2124.121053 2122.301025 2121.932088 2121.977865 2121.008545 2118.243001 2113.609619 2107.041992 2099.238159 2092.331421
2169.804186 2169.303507 2167.561496 2164.205512 2159.944784 2154.424099 2148.006321 2141.862467 2135.862983 2130.244629 2125.637817 2122.018392 2118.895494 2116.41333 2114.432129 2113.399685 2113.392212 2113.72484 2113.561876 2112.859131 2112.455987 2112.14898 2111.629842 2111.210368 2110.569499 2109.898641 2109.807305 2109.807983 2109.568359 2109.353773 2109.26751 2108.933512 2108.194878 2107.118083 2106.242798 2105.4611 2105.118083 2105.696655 2108.511732 2114.340386 2117.695353 2119.206746 2123.004422 2125.332804 2122.999552 2119.020603 2115.945516 2114.407864 2115.051446 2115.257161 2113.409749 2110.443848 2105.139893 2098.788357 2090.662272
2163.56368 2163.381388 2162.254991 2159.98645 2156.931274 2153.009861 2147.774061 2142.043945 2135.892144 2130.061049 2125.172038 2121.057943 2117.65564 2114.8927 2112.821899 2111.675184 2111.405558 2111.576755 2111.356283 2110.967529 2110.647583 2110.294393 2109.823975 2109.215264 2108.535875 2108.166178 2108.02497 2108.266127 2107.994425 2107.830512 2108.003852 2108.039998 2107.603434 2106.464857 2105.104207 2104.053399 2103.346408 2103.458822 2104.261461 2106.950873 2110.532308 2112.86339 2116.399292 2119.859985 2118.162706 2113.756917 2110.023926 2106.99684 2106.434096 2107.408691 2107.155802 2105.208849 2101.909871 2096.775065 2089.245904
2157.503906 2156.873413 2156.149414 2154.865438 2153.061523 2150.370361 2146.486898 2141.723022 2135.922323 2129.97404 2124.774536 2120.163574 2116.188558 2113.276978 2111.145345 2109.953735 2109.55896 2109.433919 2109.457926 2109.208008 2108.589966 2108.14502 2107.869995 2107.479411 2106.843628 2106.676025 2106.778158 2107.121582 2106.679932 2105.835815 2105.685872 2106.103516 2106.180054 2104.931681 2103.551025 2102.455526 2101.717204 2101.74646 2101.985921 2102.861776 2105.222534 2108.087402 2111.084229 2112.697998 2111.577352 2107.729899 2103.57251 2100.119263 2098.680257 2099.862549 2100.959757 2099.212321 2096.259033 2091.646362 2084.89974
2151.815498 2151.206787 2150.598267 2149.421034 2148.298462 2146.711846 2143.827121 2139.933879 2135.178006 2129.681925 2124.544963 2119.796739 2115.103 2111.526204 2109.387193 2108.23858 2107.381714 2107.271946 2107.32152 2107.103841 2106.408502 2105.935683 2105.989827 2105.77577 2105.225776 2105.129028 2105.517673 2105.872626 2105.479126 2104.389621 2103.81189 2103.838298 2103.905273 2103.374742 2102.388306 2101.443698 2100.661499 2100.242188 2100.09554 2100.29404 2101.891886 2104.545234 2106.170261 2105.769531 2104.463596 2101.032471 2096.963135 2092.965522 2090.832479 2091.134928 2093.099894 2092.275648 2089.565552 2085.780192 2079.014106
2146.71719 2145.642008 2145.002916 2143.844333 2143.072144 2142.362847 2140.500529 2137.37854 2133.715807 2129.288588 2124.218709 2119.562703 2114.964925 2110.710368 2108.168172 2106.680949 2105.657349 2105.406833 2105.127428 2104.819621 2104.224772 2103.872192 2104.084635 2104.219713 2103.637777 2103.658162 2104.125448 2104.584432 2104.138306 2103.167874 2102.473362 2101.985148 2101.552355 2101.550117 2101.273193 2100.469808 2099.766073 2099.046834 2098.602837 2098.239678 2099.109945 2100.956204 2101.212484 2099.21578 2097.086792 2094.927029 2091.937703 2088.360664 2085.756904 2083.785482 2083.396851 2083.7398 2082.351644 2078.871243 2073.527072
2142.273722 2140.504028 2139.254801 2138.204793 2137.700439 2137.510091 2136.61674 2134.219482 2131.553263 2128.346476 2123.794067 2119.558838 2115.306315 2110.638062 2107.63208 2106.10966 2105.090576 2104.30131 2103.39799 2102.773438 2102.451701 2102.323324 2102.614014 2102.634684 2102.082113 2102.347534 2102.875895 2103.095011 2102.3125 2101.543538 2101.035929 2100.435547 2099.956136 2099.861938 2100.013062 2099.487834 2098.823568 2098.039551 2097.213013 2096.573771 2096.281982 2096.437581 2095.942586 2093.799927 2091.172241 2088.991455 2086.835938 2084.741007 2082.081095 2079.409424 2077.138021 2075.917928 2074.240479 2071.656169 2067.220337
2138.761 2136.103719 2134.253784 2133.14464 2132.598836 2132.433105 2131.960354 2130.399902 2128.521294 2126.481703 2122.961019 2119.217258 2115.312229 2110.918172 2107.65271 2106.440755 2105.376506 2104.33195 2103.413642 2102.463298 2101.821994 2101.540487 2101.418294 2101.263699 2101.124268 2101.15328 2101.497206 2101.481133 2100.708333 2100.118259 2099.676432 2099.321655 2098.917657 2098.751234 2098.745199 2098.523234 2098.279433 2097.819051 2096.575426 2095.274631 2094.156291 2093.409044 2092.208957 2089.887004 2086.949558 2084.346748 2082.410319 2080.740506 2078.400621 2075.762655 2073.201389 2071.051663 2068.858032 2066.181329 2062.710734
2136.467651 2133.038981 2130.595649 2129.163764 2128.339518 2127.936144 2127.550334 2126.544678 2125.144965 2123.687717 2121.222656 2118.370104 2114.974921 2110.829061 2107.767687 2106.431288 2105.08549 2104.316447 2103.690023 2102.696981 2101.79286 2101.2036 2100.834066 2100.591295 2100.520087 2100.237223 2100.169827 2099.893134 2099.667358 2099.193793 2098.514608 2098.067627 2097.779066 2097.853529 2097.672038 2097.615573 2097.823975 2097.656169 2096.03852 2094.366089 2092.973104 2091.733602 2090.448337 2088.263224 2085.289564 2082.451769 2080.076619 2077.861694 2075.66999 2073.100505 2070.523844 2068.318305 2065.982178 2063.384196 2060.767958
2134.398844 2130.735474 2127.773071 2125.956462 2124.651001 2123.826416 2123.405477 2122.545532 2121.55957 2120.369588 2118.99707 2117.466105 2114.856242 2110.623047 2107.608927 2106.077148 2104.500977 2103.413045 2103.000448 2102.368896 2101.763509 2101.223551 2100.679443 2100.20874 2099.933065 2099.444458 2099.036214 2098.511108 2098.460083 2098.316081 2097.583455 2096.86145 2096.520345 2096.42452 2096.381958 2096.377604 2096.675049 2096.517578 2095.285238 2093.862712 2092.249512 2090.68689 2089.267822 2087.714966 2085.306437 2082.357218 2079.495972 2076.993205 2074.645589 2072.526001 2069.751058 2067.099284 2064.447998 2061.861287 2059.761271
2131.286065 2128.319173 2125.519341 2123.426853 2121.789185 2120.559028 2119.535129 2118.593547 2117.561293 2116.99943 2116.597534 2115.880683 2114.162069 2110.400513 2107.284776 2105.467556 2104.005697 2102.899699 2101.977458 2101.287679 2101.013048 2100.904473 2100.580607 2100.095445 2099.55603 2098.962524 2098.490126 2097.818264 2097.259318 2096.918294 2096.418281 2096.181844 2095.810316 2094.980849 2094.400187 2094.258545 2094.940172 2095.138794 2094.355116 2093.279541 2091.77535 2090.081177 2088.671536 2087.200521 2085.211155 2082.953735 2080.276326 2077.45482 2075.048136 2072.762126 2070.34356 2067.463447 2064.449544 2061.443441 2059.131226
2128.012288 2125.499634 2123.229397 2121.410821 2119.53654 2117.93377 2116.500461 2115.159871 2113.900336 2113.711738 2113.985148 2114.191284 2113.094822 2109.736287 2106.724582 2104.898275 2103.731038 2102.879354 2101.978204 2101.082682 2100.089328 2099.362535 2099.487345 2099.509942 2099.188354 2098.770223 2098.16276 2097.231364 2096.374146 2095.532742 2094.909844 2095.092896 2095.149658 2094.197713 2092.955078 2092.330485 2092.829617 2093.171834 2092.64704 2092.307414 2091.167847 2089.496216 2087.864271 2086.245158 2084.748752 2083.050754 2081.085897 2078.586263 2075.893188 2073.539673 2071.036106 2067.728882 2064.684774 2061.686673 2059.093424
2125.062215 2122.945068 2120.634603 2119.175252 2117.550537 2115.845296 2113.957072 2112.188477 2110.922078 2110.717814 2111.490967 2112.337484 2111.269979 2108.368042 2106.064982 2104.341756 2103.302979 2102.761556 2102.054972 2101 2099.539347 2098.0802 2097.900513 2098.437703 2098.7618 2098.365967 2097.342041 2096.301188 2095.119507 2094.090088 2093.589396 2093.901978 2094.192057 2093.373779 2092.13147 2091.101115 2090.861247 2090.898071 2090.577596 2090.862427 2090.057007 2088.448608 2086.86617 2085.462524 2084.21936 2082.611898 2080.859985 2078.775757 2076.407593 2073.724976 2070.806193 2067.631958 2064.552002 2061.70048 2059.043009
