examples/Kurganov2007/100x100/topography_dem.asc
ncols   101
nrows   101
xllcorner          -1.000
yllcorner          -1.000
cellsize           0.020
NODATA_value -9999
[rows 72 to 89 of 101, columns 0 to 40 of 101]
0.19359999999998737 0.19359999999995373 0.19359999999985442 0.19359999999957550 0.19359999999882072 0.19359999999684011 0.19359999999178529 0.19359999997921962 0.19359999994877092 0.19359999987682291 0.19359999971101091 0.19359999933828020 0.19359999852100981 0.19359999677308617 0.19359999312680037 0.12499998570807001 0.12499997098720479 0.12499994250119109 0.12499988874973808 0.12499978985571041 0.12499961246636619 0.12499930228664727 0.12499877363185662 0.12499789553786100 0.12499647436003811 0.12499423351063969 0.12499079207459401 0.12498564547253929 0.12497815294748287 0.12496753811967108 0.12495290970879570 0.12493330919255675 0.12490779011525860 0.12487552965509775 0.12483596700245851 0.12478895577766382 0.12473491043483220 0.12467492114651776 0.12475609680837173 0.12940270307523127 0.13430238744406775
0.21159999999999357 0.21159999999997939 0.21159999999993820 0.21159999999982365 0.21159999999951509 0.21159999999870741 0.21159999999664872 0.21159999999153484 0.21159999997914808 0.21159999994988599 0.21159999988245748 0.21159999973089641 0.21159999939859125 0.21159999868790019 0.13454867579187277 0.13069829714306003 0.12716719758093087 0.12499997662224559 0.12499995476836380 0.12499991456082529 0.12499984243940124 0.12499971632934849 0.12499950139384446 0.12499914438681611 0.12499856657819890 0.12499765551576243 0.12499625633094358 0.12499416387702164 0.12499111764157272 0.12498680197206240 0.12498085450086564 0.12497288552179255 0.12496251023455764 0.12494939410465514 0.12710051381643767 0.13061249359364985 0.13444089558635375 0.13857096735280647 0.14298705391540209 0.14767265178695951 0.15261042814744341
0.23039999999999705 0.23039999999999153 0.23039999999997579 0.23039999999993216 0.23039999999981503 0.23039999999950889 0.23039999999872920 0.23039999999679328 0.23039999999210534 0.23039999998103231 0.23039999995551896 0.23039999989817478 0.23039999977244863 0.23039999950356690 0.15334867752917275 0.14949830075550086 0.14596720491416532 0.14276932462496858 0.13991727867491757 0.13742231969697405 0.13529428896471424 0.13354157638457187 0.13217108574478614 0.13118820528081823 0.13059678365438973 0.13039911153030942 0.13059590907913865 0.13118631992944604 0.13216791231646524 0.13353668837554156 0.13528710263598520 0.13741209069610463 0.13990310872022141 0.14275018374355483 0.14594197381623197 0.14946583586859830 0.15330789803799827 0.15745313233733921 0.16188542326177638 0.16658762845467190 0.17154162897469188
0.24999999999999861 0.24999999999999664 0.24999999999999106 0.24999999999997566 0.24999999999993433 0.24999999999982642 0.24999999999955175 0.24999999999886993 0.24999999999721920 0.24999999999332045 0.24999999998433789 0.24999999996414915 0.24999999991988656 0.17710314042536834 0.17294867821426058 0.16909830218000757 0.16556720780587308 0.16236933035580420 0.15951728976299778 0.15702234064149190 0.15489432758899835 0.15314164592332175 0.15177120797254948 0.15078841502480719 0.15019713504158852 0.14999968625407539 0.15019682679707860 0.15078775058852831 0.15177008972528488 0.15313992372128452 0.15489179593609564 0.15701873750002029 0.15951229890674876 0.16236258919879318 0.16555832231990414 0.16908686978953275 0.17293431843814311 0.17708553162569712 0.18152421225239240 0.18623296604277312 0.19119336407237625
0.27040000874227738 0.26412095650402884 0.25786668478321423 0.25166187633438197 0.24553101870312941 0.23949830758493737 0.23358755133579753 0.22782207701147636 0.22222463830621819 0.21681732575417414 0.21162147954787422 0.20665760531766206 0.20194529320419433 0.19750314054288645 0.19334867846455267 0.18949830270043547 0.18596720886231932 0.18276933244947771 0.17991729381384669 0.17742234829321366 0.17529434169970098 0.17354167132805609 0.17217125262623928 0.17118849165092123 0.17059726341440337 0.17039989621872192 0.17059716206820952 0.17118827325306482 0.17217088520078724 0.17354110569411929 0.17529351054508599 0.17742116578479861 0.17991565636840093 0.18276712129822190 0.18596429493769476 0.18949455413613023 0.19334397063331213 0.19749736809491286 0.20193838307885739 0.20664952927592656 0.21161226451519691
0.29160000874227759 0.28532095650402950 0.27906668478321617 0.27286187633438747 0.26673101870314431 0.26069830758497686 0.25478755133589959 0.24902207701173368 0.24342463830685149 0.23801732575569534 0.23282147955144111 0.22785760532582661 0.22314529322243892 0.21870314058268811 0.21454867854932200 0.21069830287669356 0.20716720922011403 0.20396933315855600 0.20111729518577190 0.19862235088466459 0.19649434647864653 0.19474167993200525 0.19337126774932251 0.19238851760225362 0.19179730689102872 0.19159996732842552 0.19179727561602966 0.19238845026625823 0.19337115460810247 0.19474150599822795 0.19649409123947822 0.19862198818297777 0.20111679345508499 0.20396865620475432 0.20716631771104491 0.21069715662835606 0.21454723958564517 0.21870137680514459 0.22314318237634836 0.22785513882055491 0.23281866561315992
0.31360000874227761 0.30732095650402969 0.30106668478321680 0.29486187633438921 0.28873101870314899 0.28269830758498926 0.27678755133593169 0.27102207701181458 0.26542463830705043 0.26001732575617326 0.25482147955256162 0.24985760532839138 0.24514529322817002 0.24070314059519071 0.23654867857594974 0.23269830293205954 0.22916720933250379 0.22596933338128983 0.22311729561671695 0.22062235169868272 0.21849434797979242 0.21674168263464702 0.21537127249973007 0.21438852575398951 0.21379732054774242 0.21359998966513530 0.21379731128323654 0.21438850586896208 0.21537123923328905 0.21674163174020616 0.21849427364495000 0.22062224651150125 0.22311715063233470 0.22596913834362323 0.22916695309673535 0.23269797411307810 0.23654826641621643 0.24070263600558228 0.24514468991297475 0.24985690086885709 0.25482067630111765
0.33640000874227771 0.33012095650402978 0.32386668478321701 0.31766187633438969 0.31153101870315036 0.30549830758499291 0.29958755133594106 0.29382207701183816 0.28822463830710848 0.28281732575631252 0.27762147955288824 0.27265760532913891 0.26794529322984045 0.26350314059883473 0.25934867858371063 0.25549830294819642 0.25196720936526068 0.24876933344620727 0.24591729574231902 0.24342235193593414 0.24129434841731201 0.23954168342235083 0.23817127388426923 0.23718852812986910 0.23659732452808535 0.23639999617532215 0.23659732167868741 0.23718852207474905 0.23817126389787566 0.23954166838856072 0.24129432680826413 0.24342232180310372 0.24591725473406870 0.24876927886626832 0.25196713828420553 0.25549821237454551 0.25934856569295078 0.26350300300808976 0.26794512929474856 0.27265741442978531 0.27762126232976109
0.36000000874227772 0.35372095650402979 0.34746668478321707 0.34126187633438981 0.33513101870315076 0.32909830758499387 0.32318755133594357 0.31742207701184455 0.31182463830712420 0.30641732575635022 0.30122147955297657 0.29625760532934114 0.29154529323029238 0.28710314059982056 0.28294867858581019 0.27909830295256188 0.27556720937412227 0.27236933346376907 0.26951729577629752 0.26702235200011648 0.26489434853567173 0.26314168363544393 0.26177127425882085 0.26078852877260233 0.26019732560486492 0.25999999793648587 0.26019732449090943 0.26078852645880796 0.26177127057024518 0.26314167830283031 0.26489434119023109 0.26702234217130960 0.26951728289611421 0.27236931688105404 0.27556718838191013 0.27909827683005417 0.28294864665456965 0.28710310229117353 0.29154524815818011 0.29625755336047832 0.30122142086472969
0.38440000874227770 0.37812095650402977 0.37186668478321705 0.36566187633438990 0.35953101870315085 0.35349830758499418 0.34758755133594421 0.34182207701184614 0.33622463830712812 0.33081732575635969 0.32562147955299880 0.32065760532939197 0.31594529323040582 0.31150314060006817 0.30734867858633758 0.30349830295365832 0.29996720937634797 0.29676933346818007 0.29391729578483183 0.29142235201623701 0.28929434856539987 0.28754168368896610 0.28617127435289608 0.28518852893403623 0.28459732587531722 0.28439999837883351 0.28459732519724890 0.28518852755994223 0.28617127224612920 0.28754168079297510 0.28929434480251731 0.29142234728714594 0.29391728996951161 0.29676932642914189 0.29996720096483742 0.30349829301919856 0.30734866698951646 0.31150312722788126 0.31594527801283956 0.32065758825538632 0.32562146068359932
0.40960000874227770 0.40332095650402983 0.39706668478321705 0.39086187633438990 0.38473101870315085 0.37869830758499423 0.37278755133594432 0.36702207701184653 0.36142463830712906 0.35601732575636191 0.35082147955300397 0.34585760532940379 0.34114529323043230 0.33670314060012591 0.33254867858646053 0.32869830295391406 0.32516720937686716 0.32196933346920892 0.31911729578682246 0.31662235201999722 0.31449434857233416 0.31274168370145033 0.31137127437483952 0.31038852897169128 0.30979732593840131 0.30959999848201275 0.30979732536200533 0.31038852781678605 0.31137127263703562 0.31274168137381098 0.31449434564509698 0.31662234848043441 0.31911729161940877 0.32196932865627009 0.32516720389985360 0.32869829679537876 0.33254867173272096 0.33670313304446425 0.34114528497655366 0.34585759639475788 0.35082146997150382
0.43560000874227772 0.42932095650402979 0.42306668478321707 0.41686187633438992 0.41073101870315087 0.40469830758499425 0.39878755133594440 0.39302207701184666 0.38742463830712925 0.38201732575636244 0.37682147955300510 0.37185760532940643 0.36714529323043810 0.36270314060013842 0.35854867858648726 0.35469830295396954 0.35116720937697965 0.34796933346943187 0.34511729578725381 0.34262235202081193 0.34049434857383648 0.33874168370415525 0.33737127437959391 0.33638852897984983 0.33579732595206929 0.33559999850436800 0.33579732539770207 0.33638852787243478 0.33737127272173090 0.33874168149965705 0.34049434582765342 0.34262234873897679 0.34511729197688162 0.34796932913880796 0.35116720453576505 0.35469829761353999 0.35854867276040131 0.36270313430470669 0.36714528648533784 0.37185759815826430 0.37682147198385568
0.46240000874227777 0.45612095650402984 0.44986668478321712 0.44366187633438992 0.43753101870315086 0.43149830758499425 0.42558755133594445 0.41982207701184665 0.41422463830712930 0.40881732575636254 0.40362147955300531 0.39865760532940692 0.39394529323043920 0.38950314060014096 0.38534867858649258 0.38149830295398074 0.37796720937700234 0.37476933346947677 0.37191729578734062 0.36942235202097590 0.36729434857413895 0.36554168370469969 0.36417127438055091 0.36318852898149201 0.36259732595482058 0.36239999850886789 0.36259732540488754 0.36318852788363637 0.36417127273877931 0.36554168152498867 0.36729434586440030 0.36942234879101893 0.37191729204883756 0.37476932923593836 0.37796720466376815 0.38149829777822825 0.38534867296726372 0.38950313455838170 0.39394528678904195 0.39865759851324167 0.40362147238892326
0.49000000874227778 0.48372095650402985 0.47746668478321713 0.47126187633438993 0.46513101870315088 0.45909830758499426 0.45318755133594446 0.44742207701184666 0.44182463830712931 0.43641732575636255 0.43122147955300538 0.42625760532940704 0.42154529323043943 0.41710314060014142 0.41294867858649359 0.40909830295398281 0.40556720937700658 0.40236933346948517 0.39951729578735690 0.39702235202100661 0.39489434857419553 0.39314168370480157 0.39177127438072989 0.39078852898179922 0.39019732595533518 0.38999999850970957 0.39019732540623148 0.39078852788573148 0.39177127274196799 0.39314168152972667 0.39489434587127342 0.39702234880075282 0.39951729206229608 0.40236932925410551 0.40556720468770968 0.40909829780903129 0.41294867300595495 0.41710313460582865 0.42154528684584630 0.42625759857963608 0.43122147246468651
0.51840000874227776 0.51212095650402989 0.50586668478321717 0.49966187633438996 0.49353101870315091 0.48749830758499429 0.48158755133594444 0.47582207701184670 0.47022463830712935 0.46481732575636259 0.45962147955300542 0.45465760532940708 0.44994529323043952 0.44550314060014157 0.44134867858649379 0.43749830295398318 0.43396720937700728 0.43076933346948665 0.42791729578735971 0.42542235202101197 0.42329434857420534 0.42154168370481931 0.42017127438076107 0.41918852898185266 0.41859732595542459 0.41839999850985587 0.41859732540646510 0.41918852788609567 0.42017127274252225 0.42154168153055027 0.42329434587246811 0.42542234880244478 0.42791729206463552 0.43076932925726330 0.43396720469187117 0.43749829781438543 0.44134867301268027 0.44550313461407592 0.44994528685572005 0.45465759859117671 0.45962147247785567
0.54760000874227777 0.54132095650402989 0.53506668478321717 0.52886187633438997 0.52273101870315097 0.51669830758499424 0.51078755133594445 0.50502207701184665 0.49942463830712935 0.49401732575636259 0.48882147955300542 0.48385760532940708 0.47914529323043953 0.47470314060014157 0.47054867858649385 0.46669830295398324 0.46316720937700745 0.45996933346948687 0.45711729578736021 0.45462235202101281 0.45249434857420701 0.45074168370482215 0.44937127438076607 0.44838852898186127 0.44779732595543914 0.44759999850987953 0.44779732540650286 0.44838852788615452 0.44937127274261179 0.45074168153068328 0.45249434587266113 0.45462234880271812 0.45711729206501345 0.45996932925777345 0.46316720469254352 0.46669829781525041 0.47054867301376679 0.47470313461540831 0.47914528685731517 0.48385759859304123 0.48882147247998320
0.57760000874227779 0.57132095650402992 0.56506668478321720 0.55886187633439000 0.55273101870315100 0.54669830758499427 0.54078755133594447 0.53502207701184668 0.52942463830712938 0.52401732575636262 0.51882147955300550 0.51385760532940705 0.50914529323043956 0.50470314060014165 0.50054867858649388 0.49669830295398326 0.49316720937700748 0.48996933346948696 0.48711729578736029 0.48462235202101300 0.48249434857420720 0.48074168370482262 0.47937127438076688 0.47838852898186257 0.47779732595544128 0.47759999850988311 0.47779732540650854 0.47838852788616343 0.47937127274262525 0.48074168153070329 0.48249434587269013 0.48462234880275923 0.48711729206507021 0.48996932925785008 0.49316720469264452 0.49669829781538033 0.50054867301393002 0.50470313461560834 0.50914528685755478 0.51385759859332125 0.51882147248030275
0.60840000874227784 0.60212095650402986 0.59586668478321714 0.58966187633439004 0.58353101870315094 0.57749830758499432 0.57158755133594452 0.56582207701184672 0.56022463830712943 0.55481732575636267 0.54962147955300544 0.54465760532940710 0.53994529323043960 0.53550314060014159 0.53134867858649393 0.52749830295398326 0.52396720937700747 0.52076933346948695 0.51791729578736034 0.51542235202101305 0.51329434857420730 0.51154168370482267 0.51017127438076704 0.50918852898186284 0.50859732595544160 0.50839999850988360 0.50859732540650937 0.50918852788616464 0.51017127274262719 0.51154168153070612 0.51329434587269429 0.51542234880276494 0.51791729206507808 0.52076932925786079 0.52396720469265856 0.52749829781539848 0.53134867301395283 0.53550313461563637 0.53994528685758825 0.54465759859336027 0.54962147248034743
