examples/Kurganov2007/100x100/topography_dem.asc
ncols   101
nrows   101
xllcorner          -1.000
yllcorner          -1.000
cellsize           0.020
NODATA_value -9999
[rows 18 to 35 of 101, columns 41 to 81 of 101]
0.35601731924806684 0.36142463166096200 0.36702207027351463 0.37278754455237445 0.37869830080392269 0.38473101197266923 0.39086186970245190 0.39706667829711539 0.40332095020985215 0.40960000268435542 0.41587905516638513 0.42213332710131185 0.42833813573167495 0.43446899350879392 0.44050170473399314 0.44641246104803983 0.45217793539194118 0.45777537406827562 0.46318268653973443 0.46837853261047352 0.47334240664620891 0.47805471850067266 0.48249687082904708 0.48665133248325215 0.49050170769942630 0.49403280080454759 0.49723067618682520 0.50008271329318654 0.50257765643680918 0.50470565921813271 0.50645832338404106 0.50782873197186096 0.50881147660737336 0.50940267884911039 0.50960000549470330 0.50940267778887993 0.50881147449677377 0.50782872883041941 0.50645831924056517 0.50470565411014778 0.50257765040983593
0.33081732149004861 0.33622463426681537 0.34182207328297326 0.34758754800577779 0.35349830474147870 0.35953101643361246 0.36566187472411027 0.37186668391390487 0.37812095645222421 0.38440000957772658 0.39067906273008335 0.39693333534757597 0.40313814466474623 0.40926900312413900 0.41530171501769469 0.42121247197638928 0.42697794693126057 0.43257538617499097 0.43798269916071170 0.44317854568362069 0.44814242010133687 0.45285473226059653 0.45729688481090047 0.46145134659997772 0.46530172186139784 0.46883281492127332 0.47203069016867882 0.47488272705311063 0.47737766989193758 0.47950567229128038 0.48125833600501883 0.48262874407857692 0.48361148814669347 0.48420268977746050 0.48440001577840563 0.48420268740422578 0.48361148342984595 0.48262873707668430 0.48125832680426417 0.47950566100351977 0.47737765665220866
0.30641732896850898 0.31182464295902285 0.31742208332146560 0.32318755952511297 0.32909831787577631 0.33513103131374528 0.34126189147459107 0.34746670264953311 0.35372097727457508 0.36000003257158075 0.36627908795991215 0.37253336285420358 0.37873817446232039 0.38486903519753779 0.39090174932049498 0.39681250842950727 0.40257798542235879 0.40817542655872191 0.41358274125983879 0.41877858929102729 0.42374246498289664 0.42845477815884786 0.43289693144943048 0.43705139368839374 0.44090176910073836 0.44443286200968968 0.44763073680720949 0.45048277295136308 0.45297771477349874 0.45510571589868865 0.45685837810414792 0.45822878446230997 0.45921152663779402 0.45980272623058099 0.46000005008120853 0.45980271947762724 0.45921151322742276 0.45822876458331468 0.45685835203409564 0.45510568399737655 0.45297767747456208
0.28281735271258401 0.28822467055673939 0.29382211519363000 0.29958759609894609 0.30549835957710725 0.31153107855809431 0.31766194465728559 0.32386676213506110 0.33012104338543707 0.33640010557695549 0.34267916806449511 0.34893345018761179 0.35513826906947238 0.36126913703042207 0.36730185823171813 0.37321262416797851 0.37897810763140743 0.38457555477687000 0.38998287492436157 0.39517872774432983 0.40014260748162944 0.40485492388557132 0.40929707952653499 0.41345154319388439 0.41730191908541336 0.42083301151518138 0.42403088488431628 0.42688291867808986 0.42937785727223587 0.43150585435199645 0.43325851176867680 0.43462891268046494 0.43561164884685011 0.43620284196906017 0.43640015899243995 0.43620282131052007 0.43561160783458347 0.43462885191673151 0.43325843213868720 0.43150575700275967 0.42937774358543213
0.26001742445995230 0.26542475394863901 0.27102221150161004 0.27678770661393803 0.28269848558583721 0.28873122131613776 0.29486210535920199 0.30106694188222199 0.30732124315234083 0.31360032617697808 0.31987941011616450 0.32613371408259073 0.33233855494349140 0.33846944473840457 0.34450218732828647 0.35041297389441273 0.35617847690995696 0.36177594221308934 0.36718327881786739 0.37237914610807071 0.37734303806942920 0.38205536422737646 0.38649752697047629 0.39065199495397351 0.39450237229345209 0.39803346327527406 0.40123133232826441 0.40408335901990511 0.40657828786004879 0.40870627271575327 0.41045891566220111 0.41182930011670493 0.41281201812542223 0.41340319169551842 0.41360048808903344 0.41340312901852844 0.41281189370862864 0.41182911581173659 0.41045867419038246 0.40870597760280747 0.40657794335236025
0.23801763076116045 0.24342499373234225 0.24902248842399943 0.25478802438693704 0.26069884790927661 0.26673163180027920 0.27286256743886150 0.27906745872426586 0.28532181755882546 0.29160096048667178 0.29788010610757210 0.30413447288189305 0.31033937694096575 0.31647032951690024 0.32250313360717153 0.32841397949207635 0.33417953872745298 0.33977705624085175 0.34518444016664201 0.35038034906432225 0.35534427617453951 0.36005663037899427 0.36449881354346009 0.36865329393753843 0.37250367544042717 0.37603476225884885 0.37923261890126780 0.38208462517155184 0.38457952596519690 0.38670747567205072 0.38846007701102886 0.38983041414452690 0.39081307994298309 0.39140419729325110 0.39160143436799066 0.39140401379709838 0.39081271570617826 0.38982987461111424 0.38845937018186433 0.38670661191257377 0.38457851775891505
0.21681819514095174 0.22222564971045097 0.22782324600269566 0.23358889372095784 0.23949983912027772 0.24553275476488068 0.25166383155371624 0.25786887265299357 0.26412338896703380 0.27040269577254655 0.27668201013658278 0.28293654873494128 0.28914162568573581 0.29527275001219000 0.30130572234954639 0.30721673051328691 0.31298244354968857 0.31858010389511182 0.32398761727735664 0.32918364000092942 0.33414766326814827 0.33886009419964769 0.34330233323100051 0.34745684757680023 0.35130724046956230 0.35483831589813780 0.35803613858886196 0.36088808899228447 0.36338291305890902 0.36551076660878340 0.36726325412188893 0.36863346179894974 0.36961598476539598 0.37020694831465056 0.37040402311056303 0.37020643429259126 0.36961496445115427 0.36863195046436836 0.36726127421107840 0.36550834719864711 0.36338008916731518
0.19641966384261231 0.20182735678103078 0.20742521747138792 0.21319115601372524 0.21910241857699403 0.22513567708775667 0.23126712119593029 0.23747255216013097 0.24372747828752409 0.25000721155657168 0.25628696504569309 0.26254195078665510 0.26874747765851864 0.27487904893625847 0.28091245910781276 0.28682388957440536 0.29259000285160991 0.29818803489289275 0.30359588516336888 0.30879220409931496 0.31375647759864711 0.31846910819912744 0.32291149261447710 0.32706609531381170 0.33091651784676657 0.33444756363521982 0.33764529797247833 0.34049710299197061 0.34299172738967681 0.34511933070749562 0.34687152200827970 0.34824139279715416 0.34922354406777867 0.34981410737626056 0.35001075986934344 0.34981273321718837 0.34922081642447278 0.34823735251661792 0.34686622912071796 0.34511286298318911 0.34298417848830470
0.17682329875901820 0.18223158164100270 0.18783009669504885 0.19359675500316997 0.19950880252125444 0.20554290959770075 0.21167526279117321 0.21788165863915110 0.22413759902105207 0.23041838775244503 0.23669922804021257 0.24295532042252227 0.24916196081220832 0.25529463825780019 0.26132913203316038 0.26724160766474875 0.27300871150518324 0.27860766346329735 0.28401634750457411 0.28921339954190067 0.29417829234523324 0.29889141711009992 0.30333416133894286 0.30748898270604519 0.31133947859605132 0.31487045102762790 0.31806796669728998 0.32091941190345369 0.32341354213692869 0.32554052615088991 0.32729198435042156 0.32866102136860709 0.32964225272249387 0.33023182546782059 0.33042743279596304 0.33022832254003837 0.32963529957948851 0.32865072215381114 0.32727849211654725 0.32552403918034145 0.32339429922306812
0.15803185228846217 0.16344152340035337 0.16904157827497751 0.17480993030508191 0.18072382494518480 0.18675992883001682 0.19289442124403861 0.19910308761515283 0.20536141469727684 0.21164468709740933 0.21792808479315587 0.22418678127643921 0.23039604194852459 0.23653132238088020 0.24256836604625828 0.24848330111530478 0.25425273590666281 0.25985385257362420 0.26526449860860185 0.27046327574866641 0.27542962587162084 0.28014391348293471 0.28458750440946362 0.28874284033618169 0.29259350884685587 0.29612430865817535 0.29932130976862470 0.30217190827749008 0.30466487566488287 0.30679040235955829 0.30854013545665354 0.30990721048140063 0.31088627712666045 0.31147351892123942 0.31166666681205424 0.31146500666619703 0.31086938071892489 0.30988218301084847 0.30850734887257281 0.30675033852831546 0.30461811490220003
0.14005098425204812 0.14546376046390963 0.15106725950639691 0.15683939994075261 0.16275742610006358 0.16879799631257630 0.17493727359229819 0.18115101851797288 0.18741468401180825 0.19370351171635580 0.19999262965152495 0.20625715081400395 0.21247227235881755 0.21861337497817857 0.22465612206730581 0.23057655824185483 0.23635120674861329 0.24195716529179775 0.24737219978329378 0.25257483551798648 0.25754444527617359 0.26226133386478351 0.26670681862816664 0.27086330548747889 0.27471436010453820 0.27824477381039159 0.28144062398914826 0.28428932866202639 0.28677969507293960 0.28890196213313402 0.29064783663627564 0.29201052320509180 0.29298474797462115 0.29356677605419296 0.29375442283979702 0.29354705927038155 0.29294561113619699 0.29195255255539260 0.29057189373783598 0.28880916315399385 0.28667138422323413
0.12507432777988148 0.12831102175592884 0.13392184082170647 0.13970203289827454 0.14562883993529810 0.15167890260693148 0.15782834934695800 0.16405288792124145 0.17032789934814804 0.17662853395622632 0.18292980933768277 0.18920670991634178 0.19543428780085123 0.20158776453964383 0.20764263333605659 0.21357476122308941 0.21936049064102214 0.22497673981118288 0.23040110125920343 0.23561193781443376 0.24058847540156800 0.24531089194791433 0.24976040175607817 0.25391933473698791 0.25777120996089453 0.26130080306185394 0.26449420712092919 0.26733888675086914 0.26982372520578118 0.27193906443862603 0.27367673812266358 0.27503009773620340 0.27599403187980370 0.27656497904903710 0.27674093412277756 0.27652144884648222 0.27590762659306373 0.27490211167256406 0.27350907343864633 0.27173418540817212 0.26958459957339420
0.12515641062589455 0.12518179592561265 0.12520995322628564 0.12524092478220719 0.12937300069586977 0.13544222548254770 0.14161220097764407 0.14785852833539898 0.15415644342425816 0.16048091224019564 0.16680672945864544 0.17310861995762022 0.17936134304541718 0.18553979901215373 0.19161913750041232 0.19757486706292615 0.20338296515182402 0.20901998767222968 0.21446317714064708 0.21969056842259291 0.22468109099018452 0.22941466664301324 0.23387230167670264 0.23803617256283449 0.24188970431879633 0.24541764089164372 0.24860610704936467 0.25144266145749855 0.25391634080943121 0.25601769506504357 0.25773881402525944 0.25907334562092238 0.26001650641639157 0.26056508491634717 0.26071743831585859 0.26047348334853637 0.25983468186757291 0.25880402174378714 0.25738599358918784 0.25558656372102456 0.25341314367740353
0.12531371494738155 0.12536463059278510 0.12542110607869666 0.12548322615513535 0.12555097243351204 0.12562420870887278 0.12636453593463584 0.13265261951755380 0.13899442739495732 0.14536457230617816 0.15173742172689647 0.15808720313914235 0.16438811472592632 0.17061444111497412 0.17674067354587644 0.18274163357648401 0.18859259919227445 0.19426943195226284 0.19974870361223956 0.20500782052481312 0.21002514403765435 0.21478010510484111 0.21925331139550261 0.22342664532864484 0.22728335167788194 0.23080811366501083 0.23398711678313380 0.23680809994142379 0.23926039388571163 0.24133494720225465 0.24302434053738889 0.24432278994632173 0.24522614050625946 0.24573185148255652 0.24583897441637384 0.24554812550797792 0.24486145360546832 0.24378260498269869 0.24231668591412797 0.24047022384236338 0.23825112770157397
0.12559973312167949 0.12569706925187049 0.12580503420460332 0.12592378999763962 0.12605330147726423 0.12619330825861852 0.12634330030886357 0.12650249867691557 0.12666984283406238 0.13144398596600940 0.13790235156645703 0.14433921050748452 0.15072774070750578 0.15704110736770022 0.16325260458812726 0.16933580479997551 0.17526471418529874 0.18101393181010220 0.18655880982124939 0.19187561177938434 0.19694166604137772 0.20173551108272617 0.20623702977096997 0.21042756986478228 0.21429004841000429 0.21780903821488873 0.22097083518581956 0.22376350595948866 0.22617691594182185 0.22820273852045109 0.22983444682010920 0.23106728988665423 0.23189825558914523 0.23232602280179226 0.23235090555873522 0.23197479186367273 0.23120107969141157 0.23003461245541462 0.22848161585679322 0.22654963760288011 0.22424749101694466
0.12609278499201190 0.12627014298412884 0.12646686795356227 0.12668325511592202 0.12691924041696404 0.12717434940454395 0.12744765273824027 0.12773773107664271 0.12804265201045203 0.12835996148402720 0.12868669176275144 0.13215271135256240 0.13869228272774980 0.14515569358922620 0.15151417435040945 0.15773914413793319 0.16380241673800527 0.16967641487052409 0.17533438826188902 0.18075063047305093 0.18590068914170932 0.19076156424590368 0.19531188920537298 0.19953209010562109 0.20340451903960871 0.20691355847941664 0.21004569466714876 0.21278955919193973 0.21513593913247520 0.21707775732381970 0.21861002538784566 0.21972977308932473 0.22043595829681742 0.22072936230487508 0.22061247549369137 0.22008937826282499 0.21916562189171490 0.21784811348059893 0.21614500845203480 0.21406561329470766 0.21162030036126944
0.12689786481287463 0.12720588651444439 0.12754754329074100 0.12792334784950948 0.12833318894627782 0.12877624258910311 0.12925089477111087 0.12975468048944205 0.13028424368443792 0.13083532234124493 0.13140276232692355 0.13198056259631460 0.13256195321499425 0.13540849602694080 0.14200697888552485 0.14846343714674001 0.15474610474289704 0.16082385074681801 0.16666649194732433 0.17224510519106606 0.17753233046817177 0.18250265562087353 0.18713267390787744 0.19140130646051293 0.19528998288834451 0.19878277487300683 0.20186647944631450 0.20453065068008672 0.20676758060651781 0.20857223222110624 0.20994212928101672 0.21087720919817424 0.21137964655512975 0.21145365558381390 0.21110528031141032 0.21034218099139679 0.20917342492701346 0.20760928890976774 0.20566107930817895 0.20334097443733548 0.20066189231125728
0.12814159132797157 0.12865146869212035 0.12921702318315909 0.12983910350132827 0.13051752550042547 0.13125092520241072 0.13203663089430867 0.13287056218448312 0.13374716368879785 0.13465938036887251 0.13559868043706261 0.13655513018706483 0.13751752314761181 0.13847356366378968 0.13941010249004923 0.14212587615250544 0.14874747582702447 0.15513998146872079 0.16126790649722339 0.16709735842224616 0.17259648535832450 0.17773589427793665 0.18248902669965711 0.18683247882830895 0.19074625517618024 0.19421394730069408 0.19722283235675750 0.19976388951238391 0.20183173572526436 0.20342448573012267 0.20454354415310164 0.20519334028109362 0.20538101803312214 0.20511609501001474 0.20441010508593857 0.20327623884709542 0.20172899532157412 0.19978385696410692 0.19745699787803100 0.19476503291576086 0.19172481275300796
