examples/Kurganov2007/100x100/topography_dem.asc
ncols   101
nrows   101
xllcorner          -1.000
yllcorner          -1.000
cellsize           0.020
NODATA_value -9999
[rows 36 to 53 of 101, columns 0 to 40 of 101]
7.8400042074416643E-002 7.8400063576243864E-002 7.8400095453563051E-002 7.8400142399983233E-002 7.8400211080564788E-002 7.8400310890228725E-002 7.8400454973825556E-002 7.8400661585941764E-002 7.8400955887184542E-002 7.8401372295140298E-002 7.8401957532255678E-002 7.8402774539064413E-002 7.8403907448620358E-002 7.8405467845362425E-002 7.8407602557027875E-002 7.8410503249079735E-002 7.8414418104144068E-002 7.8419665870134908E-002 7.8426652545350611E-002 7.8435890931528016E-002 7.8448023220931265E-002 7.8463846685259755E-002 7.8484342397103266E-002 7.8510706734432237E-002 7.8544385192430441E-002 7.8587107754541100E-002 7.8640924758874034E-002 7.8708241844183374E-002 7.8791852183372438E-002 7.8894963829175491E-002 7.9021219629153067E-002 7.9174706843657475E-002 0.12595995335390794 0.12618190721406569 0.12644589631893749 0.12675756516426476 0.12712278610171437 0.12754754316016645 0.12803778743155225 0.12859926420107212 0.12923731341754488
6.7600063271808619E-002 6.7600095606410268E-002 6.7600143543750976E-002 6.7600214142113563E-002 6.7600317424463582E-002 6.7600467518950422E-002 6.7600684192894361E-002 6.7600994897673169E-002 6.7601437469988007E-002 6.7602063667251563E-002 6.7602943751013375E-002 6.7604172371698440E-002 6.7605876049194963E-002 6.7608222584980351E-002 6.7611432779655881E-002 6.7615794861115089E-002 6.7621682048164544E-002 6.7629573676193794E-002 6.7640080288341176E-002 6.7653973039514342E-002 6.7672217663012388E-002 6.7696013101684466E-002 6.7726834699452176E-002 6.7766481577977891E-002 6.7817127483128750E-002 6.7881373976194731E-002 6.7962304370033741E-002 6.8063536281069564E-002 6.8189270102258365E-002 6.8344330125721178E-002 6.8534194491070580E-002 6.8765009649009001E-002 0.12644358465906014 0.12677736043990936 0.12717434911750483 0.12764303892483203 0.12819226074663562 0.12883101340911990 0.12956824620817606 0.13041259894654852 0.13137210187963372
5.7600090689343936E-002 5.7600137035479414E-002 5.7600205745479659E-002 5.7600306936189019E-002 5.7600454973818771E-002 5.7600670108660941E-002 5.7600980673797035E-002 5.7601426016094116E-002 5.7602060368008662E-002 5.7602957914962373E-002 5.7604219364900372E-002 5.7605980383060022E-002 5.7608422314117141E-002 5.7611785672862584E-002 5.7616386939288396E-002 5.7622639238904545E-002 5.7631077517190411E-002 5.7642388819634405E-002 5.7657448255632668E-002 5.7677361144124716E-002 5.7703511698934354E-002 5.7737618399919519E-002 5.7781795900615378E-002 5.7838622934558367E-002 5.7911215194958010E-002 5.8003301575164097E-002 5.8119301476855526E-002 5.8264400134297567E-002 5.8444618092027001E-002 5.8666870147132601E-002 5.8939008275144207E-002 0.12666984236129836 0.12706913202758505 0.12754754255873932 0.12811655796857346 0.12878834469055295 0.12957556029292852 0.13049110306172368 0.13154780029224128 0.13275803567659800 0.13413331922678706
4.8400123895672262E-002 4.8400187211662518E-002 4.8400281080151472E-002 4.8400419322313454E-002 4.8400621564615352E-002 4.8400915472088538E-002 4.8401339752105109E-002 4.8401948158571885E-002 4.8402814781413388E-002 4.8404040969390862E-002 4.8405764305134845E-002 4.8408170128343551E-002 4.8411506183892172E-002 4.8416101052181984E-002 4.8422387093822211E-002 4.8430928702134869E-002 4.8442456695337602E-002 4.8457909683741189E-002 4.8478483201964351E-002 4.8505687286337744E-002 4.8541412986528386E-002 4.8588008010975278E-002 4.8648361302137788E-002 4.8725995806814630E-002 4.8825168040768654E-002 4.8950972244671820E-002 4.9109445998704988E-002 4.9307673126833401E-002 4.9553878613870159E-002 4.9857509129757983E-002 5.0229291673307933E-002 0.12728126189508368 0.12782675293316131 0.12848033520301569 0.12925769763491310 0.13017546145661030 0.13125091887099583 0.13250169094956663 0.13394530179131384 0.13559866947603247 0.13747751851071410
4.0000161328047582E-002 4.0000243773583466E-002 4.0000366002389244E-002 4.0000546011405611E-002 4.0000809356808401E-002 4.0001192062014822E-002 4.0001744528985202E-002 4.0002536752196692E-002 4.0003665206228001E-002 4.0005261860156696E-002 4.0007505864201015E-002 4.0010638554399139E-002 4.0014982526320797E-002 4.0020965633735750E-002 4.0029150865514646E-002 4.0040273133982354E-002 4.0055284057896517E-002 4.0075405827752347E-002 4.0102195182077756E-002 4.0137618380361006E-002 4.0184137809355848E-002 4.0244810482614281E-002 4.0323398167572182E-002 4.0424488183426810E-002 4.0553623045826340E-002 4.0717436089846890E-002 4.0923788992246829E-002 4.1181905764674363E-002 4.1502496346977800E-002 4.1897861460181637E-002 0.12738196896959916 0.12797049076818839 0.12868078824481657 0.12953183389076911 0.13054405666527355 0.13173909952734797 0.13313947917081603 0.13476814056578210 0.13664790246283309 0.13880079454715705 0.14124729235983602
3.2400200224622859E-002 3.2400302547973207E-002 3.2400454246434264E-002 3.2400677656051841E-002 3.2401004494656362E-002 3.2401479470996246E-002 3.2402165139063618E-002 3.2403148369169035E-002 3.2404548896138294E-002 3.2406530507100281E-002 3.2409315545801516E-002 3.2413203534940233E-002 3.2418594848577169E-002 3.2426020496905121E-002 3.2436179206475943E-002 3.2449983078193682E-002 3.2468613167364713E-002 3.2493586335695879E-002 3.2526834651834105E-002 3.2570798439505069E-002 3.2628533763369202E-002 3.2703834674924243E-002 3.2801369888552465E-002 3.2926832700144147E-002 3.3087101884532358E-002 3.3290410011789014E-002 3.3546514120403041E-002 3.3866862011126264E-002 3.4264745635402549E-002 3.4755431228801599E-002 0.12795625409129133 0.12868666437667123 0.12956820907952174 0.13062443477225522 0.13188069572684563 0.13336385302992582 0.13510185232031030 0.13712317096169524 0.13945612987240830 0.14212807085841844 0.14516440703771688
2.5600236853035797E-002 2.5600357895072583E-002 2.5600537344735188E-002 2.5600801624149745E-002 2.5601188253498611E-002 2.5601750120396137E-002 2.5602561222247522E-002 2.5603724321118456E-002 2.5605381055706498E-002 2.5607725175777134E-002 2.5611019699832090E-002 2.5615618944116285E-002 2.5621996525511736E-002 2.5630780594901079E-002 2.5642797700479496E-002 2.5659126797818132E-002 2.5681164996749578E-002 2.5710706641695825E-002 2.5750037235253688E-002 2.5802043504721268E-002 2.5870340545672992E-002 2.5959416423236091E-002 2.6074793840169173E-002 2.6223207466437561E-002 2.6412794252322330E-002 2.6653292514553343E-002 2.6956243809301162E-002 2.7335189626856181E-002 2.7805852827216131E-002 0.12778629158027374 0.12849701150673146 0.12936101989437115 0.13040380447342231 0.13165321847835046 0.13313925381400282 0.13489368528862833 0.13694957125857754 0.13934059978984431 0.14210027465551511 0.14526094214515994 0.14885266764731231
1.9600267051051078E-002 1.9600403525565833E-002 1.9600605854494330E-002 1.9600903828700059E-002 1.9601339752069253E-002 1.9601973255217606E-002 1.9602887769979396E-002 1.9604199160243412E-002 1.9606067123156472E-002 1.9608710110881496E-002 1.9612424675757394E-002 1.9617610307817505E-002 1.9624801007729231E-002 1.9634705011844542E-002 1.9648254247088569E-002 1.9666665225573487E-002 1.9691513171248998E-002 1.9724821178023395E-002 1.9769166100571754E-002 1.9827802641714746E-002 1.9904806687645611E-002 2.0005238317951247E-002 2.0135324047436294E-002 2.0302656713574129E-002 2.0516409989936955E-002 2.0787562780657957E-002 2.1129126752943005E-002 2.1556368038580690E-002 2.2087011755971657E-002 0.12814141557924572 0.12894269625300492 0.12991679089628344 0.13109243336353579 0.13250102506250588 0.13417637970872140 0.13615432275993203 0.13847212893305044 0.14116778542589326 0.14427907433837805 0.14784247530656203 0.15189189840051684
1.4400286987837881E-002 1.4400433650903523E-002 1.4400651084765761E-002 1.4400971304333769E-002 1.4401439771701254E-002 1.4402120569218843E-002 1.4403103357330716E-002 1.4404512649730737E-002 1.4406520065686788E-002 1.4409360365700565E-002 1.4413352240702044E-002 1.4418925003440289E-002 1.4426652517749732E-002 1.4437295887809657E-002 1.4451856602323910E-002 1.4471641970176193E-002 1.4498344772094161E-002 1.4534139059659917E-002 1.4581793926337018E-002 1.4644806818800983E-002 1.4727557512089390E-002 1.4835483200130071E-002 1.4975274218276952E-002 1.5155088687751972E-002 1.5384782836091919E-002 1.5676151902166823E-002 1.6043174400142243E-002 1.6502250141543447E-002 0.12767241987668962 0.12837555182829155 0.12923647789836459 0.13028306011731980 0.13154616618614978 0.13305953198091416 0.13485948890234237 0.13698453522392184 0.13947473336275074 0.14237091946716834 0.14571371800550556 0.14954236216255970 0.15389333067433261
1.0000293958861909E-002 1.0000444184418153E-002 1.0000666899813453E-002 1.0000994897605057E-002 1.0001474744164513E-002 1.0002172078395833E-002 1.0003178738556976E-002 1.0004622262658809E-002 1.0006678438281803E-002 1.0009587727484077E-002 1.0013676560414049E-002 1.0019384673894240E-002 1.0027299862541769E-002 1.0038201700504451E-002 1.0053115968142210E-002 1.0073381661851333E-002 1.0100732553534957E-002 1.0137395270629058E-002 1.0186205754962829E-002 1.0250745692105061E-002 1.0335500043164662E-002 1.0446036119669334E-002 1.0589203684366943E-002 1.0773354309691251E-002 1.1008576666672142E-002 1.1306942552559766E-002 1.1682756318628451E-002 1.2152797978124538E-002 0.12773654773262802 0.12845637705657395 0.12933768895826214 0.13040898775777954 0.13170185688863292 0.13325082207663247 0.13509307704560222 0.13726804993739203 0.13981679120988236 0.14278116815881681 0.14620285759078430 0.15012213662158097 0.15457648197344515
6.4002869878331103E-003 6.4004336508926094E-003 6.4006510847390129E-003 6.4009713042656518E-003 6.4014397715254322E-003 6.4021205687662449E-003 6.4031033561797917E-003 6.4045126468548833E-003 6.4065200586461580E-003 6.4093603488391809E-003 6.4133522012349026E-003 6.4189249131936790E-003 6.4266523162091011E-003 6.4372954483035228E-003 6.4518556664873135E-003 6.4716400246109000E-003 6.4983408230748028E-003 6.5341312339712273E-003 6.5817787858106248E-003 6.6447782204128820E-003 6.7275047742321962E-003 6.8353882528369219E-003 6.9751073318043907E-003 7.1548023110804054E-003 7.3843030675428542E-003 7.6753672027413530E-003 8.0419213969622969E-003 0.12710029679997656 0.12766944696969565 0.12837113448127122 0.12923006995382072 0.13027398498474518 0.13153361848398101 0.13304259436021368 0.13483716770056889 0.13695581685923539 0.13943866065050256 0.14232668356954115 0.14566075802148171 0.14948046114325611 0.15382269490001019
3.6002670510392946E-003 3.6004035255370872E-003 3.6006058544205913E-003 3.6009038285068498E-003 3.6013397515621678E-003 3.6019732538998600E-003 3.6028877666105874E-003 3.6041991518003694E-003 3.6060671024510452E-003 3.6087100612460163E-003 3.6124245595099136E-003 3.6176100419126377E-003 3.6248004137834403E-003 3.6347037164458792E-003 3.6482514885931312E-003 3.6666594904951658E-003 3.6915015300835793E-003 3.7247981084981064E-003 3.7691214668660331E-003 3.8277183339694241E-003 3.9046512160377540E-003 4.0049584114029528E-003 4.1348320612476985E-003 4.3018124649893573E-003 4.5149956130595319E-003 4.7852494527560957E-003 5.1254328422168302E-003 0.12695060949466327 0.12747824748054548 0.12812839301924736 0.12892380530679251 0.12989003693861842 0.13105544208617753 0.13245109207139080 0.13411057563329346 0.13606965950672714 0.13836578467099206 0.14103737565898414 0.14412294550249846 0.14765998782803999 0.15168366040916728
1.6002368530110035E-003 1.6003578950078269E-003 1.6005373445618029E-003 1.6008016236839467E-003 1.6011882522588177E-003 1.6017501171491644E-003 1.6025612139107476E-003 1.6037243001739904E-003 1.6053810042727355E-003 1.6077250523822114E-003 1.6110194107059111E-003 1.6156182825888261E-003 1.6219950476315434E-003 1.6307773713157630E-003 1.6427908355687560E-003 1.6591125246968870E-003 1.6811360241845228E-003 1.7106492252597426E-003 1.7499261477502870E-003 1.8018336721596551E-003 1.8699535922952484E-003 1.9587197612819080E-003 2.0735693283362925E-003 2.2211061998434162E-003 2.4092739780971618E-003 2.6475348158702815E-003 0.12634704993800278 0.12672085702876859 0.12718403917330873 0.12775387935182980 0.12844999327092929 0.12929443116531483 0.13031173576010410 0.13152893872875557 0.13297547202524010 0.13468296430101143 0.13668488772899584 0.13901601887356757 0.14171168074897619 0.14480674339977556 0.14833437766555738
4.0020022457209049E-004 4.0030254783388579E-004 4.0045424605045856E-004 4.0067765500447676E-004 4.0100449184477893E-004 4.0147946359855939E-004 4.0216512002115578E-004 4.0314832126073816E-004 4.0454877839459841E-004 4.0653022449118958E-004 4.0931488344406192E-004 4.1320201921091931E-004 4.1859146205157084E-004 4.2601310970979733E-004 4.3616347421974978E-004 4.4995036785965714E-004 4.6854676870346576E-004 4.9345474876896073E-004 5.2658006000892287E-004 5.7031754040207886E-004 6.2764693214025934E-004 7.0223804121167654E-004 7.9856350649766907E-004 9.2201693392155012E-004 1.0790339744915995E-003 1.2772142729526046E-003 0.12612544320681640 0.12643401393080386 0.12681475213058724 0.12728114742593546 0.12784849557024908 0.12853405329856712 0.12935720179886082 0.13033960475200854 0.13150533310892890 0.13288091298801818 0.13449523843324571 0.13637928148103065 0.13856553247316319 0.14108711727701898 0.14397656623041311
1.6132794605663727E-007 2.4377329659938964E-007 3.6600158648219045E-007 5.4600919659698887E-007 8.0935085197788614E-007 1.1920463049170400E-006 1.7444884930971240E-006 2.5366502498246667E-006 3.6649555715847500E-006 5.2612583885210195E-006 7.5044536303685547E-006 1.0635326208564967E-005 1.4975313369736005E-005 2.0949899302452251E-005 2.9117355814211790E-005 4.0203460170730962E-005 5.5142626068362871E-005 7.5125540925475890E-005 1.0165288683770225E-004 1.3659403538483975E-004 1.8224880094655326E-004 2.4140954512214384E-004 3.1742038025751071E-004 4.1423026405846235E-004 5.3643782605196388E-004 0.12568932822407486 0.12587890643319996 0.12611193698446327 0.12639600656419070 0.12673963157155671 0.12715243548821697 0.12764541806445101 0.12823132736242729 0.12892512517671789 0.12974450689911812 0.13071040198252545 0.13184734729440406 0.13318360164217732 0.13475086495601288 0.13658348739823922 0.13871710471251064
4.0012389547736734E-004 4.0018721110342487E-004 4.0028107857461573E-004 4.0041931795647121E-004 4.0062155284164392E-004 4.0091544099963872E-004 4.0133967192319028E-004 4.0194795662743286E-004 4.0281428479543559E-004 4.0403977699144685E-004 4.0576150991568919E-004 4.0816373103885311E-004 4.1149188965486800E-004 4.1606987008634930E-004 4.2232068457095082E-004 4.3079062237137645E-004 4.4217640432349381E-004 4.5735420720409436E-004 4.7740847166086441E-004 5.0365721923510405E-004 5.3766930971753217E-004 5.8126795784858886E-004 6.3651438699740301E-004 7.0566642347440710E-004 7.9110996628915017E-004 0.12549526740522032 0.12562049666322136 0.12576900730483054 0.12594283457384706 0.12614392527762583 0.12637439660804931 0.12663702484784892 0.12693600033030000 0.12727794497321515 0.12767313025578950 0.12813676336244537 0.12869014012723204 0.12936141271732393 0.13018570617490074 0.13120435560826066 0.13246313039124580
1.6000906889899809E-003 1.6001370344565240E-003 1.6002057425838750E-003 1.6003069281722215E-003 1.6004549521332391E-003 1.6006700513683813E-003 1.6009805259890968E-003 1.6014256437673245E-003 1.6020594523054605E-003 1.6029557162068962E-003 1.6042142104265044E-003 1.6059685860111094E-003 1.6083959543201800E-003 1.6117281700268966E-003 1.6162644736245299E-003 1.6223846045927439E-003 1.6305606287850146E-003 1.6413644568132755E-003 1.6554663275324759E-003 1.6736174616708446E-003 1.6966079164013792E-003 1.7251889424658500E-003 1.7599487803567173E-003 1.8011331300147753E-003 0.12524840804343226 0.12530057520103297 0.12535526827599189 0.12540868378454212 0.12545542764759213 0.12548858401751567 0.12550012735484328 0.12548179216174199 0.12542647763338277 0.12533019107317825 0.12519442606680634 0.12502874138312378 0.12485317776662272 0.12470005410615922 0.12461465594566250 0.12465439490375591 0.12488618732703191
3.6000632712055889E-003 3.6000956046614717E-003 3.6001435387914378E-003 3.6002141283709896E-003 3.6003173872721649E-003 3.6004674206669787E-003 3.6006839393001528E-003 3.6009942588234637E-003 3.6014358987295882E-003 3.6020598943073689E-003 3.6029349060928912E-003 3.6041521281517325E-003 3.6058308159787216E-003 3.6081239102372497E-003 3.6112226284375133E-003 3.6153579078206095E-003 3.6207950653211088E-003 3.6278158640724685E-003 3.6366792879106314E-003 3.6475488566812342E-003 3.6603707266013967E-003 3.6746840683824847E-003 3.6893448901307124E-003 3.7021488109633947E-003 0.12510934996740566 0.12510509478760642 0.12508082222502942 0.12502472519064367 0.12492141650029527 0.12475198695923272 0.12449466877590447 0.12412630691954865 0.12362477783476347 0.12297236923788148 0.12215994960784582 0.12119153240671675 0.12008861810409290 0.11889353142285684 0.11767092025083346 0.11650669264158742 0.11550395652526600
