examples/Kurganov2007/100x100/topography_dem.asc
ncols   101
nrows   101
xllcorner          -1.000
yllcorner          -1.000
cellsize           0.020
NODATA_value -9999
[rows 36 to 53 of 101, columns 41 to 81 of 101]
0.12995664670877655 0.13076110588646139 0.13165340967149250 0.13263489710130008 0.13370527763937073 0.13486239926896557 0.13610204669395543 0.13741778207483266 0.13880084040205440 0.14024009058600503 0.14172207159538058 0.14323111052124599 0.14474952634935892 0.14625791960568452 0.14773554406336403 0.14916075256744118 0.15051150497861621 0.15334129185938006 0.15988555115607117 0.16608106918252655 0.17188943875111407 0.17727560321489239 0.18220840454189749 0.18666104601225747 0.19061145239608940 0.19404251457266500 0.19694221037350584 0.19930359870731709 0.20112468945511658 0.20240819690095607 0.20316118928937926 0.20339465120864159 0.20312297867146392 0.20236342884880626 0.20113554732523506 0.19946059548096953 0.19736099923287731 0.19485983801723009 0.19198038975679199 0.18874574384731807 0.18517849016757215
0.13245384038944377 0.13366359182234189 0.13500544461251343 0.13648141241584699 0.13809105832263771 0.13983114611512473 0.14169533680041477 0.14367394910820533 0.14575380215260619 0.14791815691914983 0.15014677061019086 0.15241607419071854 0.15469947882284263 0.15696781143694272 0.15918987370735282 0.16133311248679319 0.16336438365578351 0.16525078573151300 0.16696053482185286 0.16984237646029618 0.17607620900642629 0.18180186530386505 0.18698185915608431 0.19158472578155569 0.19558552859471265 0.19896619446635952 0.20171566523488407 0.20382986116317139 0.20531146019257587 0.20616950477063994 0.20641885527553511 0.20607951522660056 0.20517585823019405 0.20373578973194817 0.20178987800779677 0.19937048841789456 0.19651095287097875 0.19324480290138971 0.18960509002643386 0.18562381146421503 0.18133145321813851
0.13568380664124849 0.13741777877267869 0.13934109570530670 0.14145664368044450 0.14376379646848556 0.14625791550539260 0.14892991492417082 0.15176591826945229 0.15474703298074163 0.15784926652504511 0.16104360429292272 0.16429626408131670 0.16756913531614800 0.17082040337001483 0.17400535075890672 0.17707731809568353 0.17998879893770928 0.18269263462256427 0.18514326836485551 0.18729801277080707 0.18911828191636873 0.19162545165765310 0.19712517400504634 0.20192234773248155 0.20598833526695179 0.20930381659447786 0.21185898043869889 0.21365344805062614 0.21469593522386082 0.21500366950031743 0.21460158990860473 0.21352136540618841 0.21180027500910836 0.20947999705770604 0.20660535700778734 0.20322308254117569 0.19938061180276581 0.19512499547906825 0.19050192663657636 0.18555492421898567 0.18032468738593530
0.13959572320639158 0.14196459654582377 0.14459214436304754 0.14748230975256946 0.15063423721545777 0.15404158976527479 0.15769195469266156 0.16156637458548137 0.16563903924123535 0.16987717109599915 0.17424113164803584 0.17868476912626460 0.18315601854109306 0.18759775460250994 0.19194888628071549 0.19614566961764526 0.20012320345729295 0.20381706177426728 0.20716500696166892 0.21010872144963272 0.21259549091238095 0.21457977147540666 0.21602457595379798 0.21735394720654283 0.22149888226411688 0.22473541635813565 0.22705524836325638 0.22846248192927279 0.22897314550469197 0.22861437988494770 0.22742333070302123 0.22544579533396344 0.22273468298369711 0.21934835282348358 0.21534889767450241 0.21080043992476216 0.20576750227125606 0.20031350891478431 0.19449946354069483 0.18838283945432097 0.18201670532318381
0.14400546227498090 0.14709003549340297 0.15051143686469889 0.15427480098709076 0.15837901401077947 0.16281582440852235 0.16756906920008052 0.17261406328519227 0.17791719828784897 0.18343579339061172 0.18911823393586488 0.19490442415881451 0.20072656855148605 0.20651028248676151 0.21217601748522474 0.21764077066589177 0.22282003237490966 0.22762991167856453 0.23198936727350133 0.23582246226539916 0.23906055591066308 0.24164434431328746 0.24352566547931900 0.24466899203195872 0.24505254696887652 0.24466899350998375 0.24615633924811081 0.24712705696842077 0.24703821374724569 0.24592812526417249 0.24384769725093688 0.24085865357486508 0.23703152283029241 0.23244346792837944 0.22717604661026272 0.22131298973063016 0.21493807882673452 0.20813319541057249 0.20097660231241879 0.19354150311943330 0.18589491022869920
0.14858756160758216 0.15241581849173877 0.15666211691209439 0.16133283017093458 0.16642657634807073 0.17193311462046493 0.17783238490794590 0.18409374999252057 0.19067549769867967 0.19752465584623269 0.20457716436563328 0.21175843728302471 0.21898433255714128 0.22616253053926480 0.23319430290990928 0.23997663428957478 0.24640463942954829 0.25237420113399039 0.25778473900670262 0.26254200781939985 0.26656081764858308 0.26976756655786344 0.27210248083302191 0.27352146758085377 0.27399749949238977 0.27352147101444790 0.27210248803704856 0.26976757821958219 0.26693848602558157 0.26504768610104706 0.26204309046897561 0.25800297247983922 0.25301616932163640 0.24717938317457613 0.24059439808964392 0.23336532039191740 0.22559594378601516 0.21738732906935579 0.20883567332384417 0.20003052572225002 0.19105338781239789
0.15290198004667671 0.15743051179701870 0.16245357261219198 0.16797870447938482 0.17400427447918820 0.18051816899317294 0.18749665759215445 0.19490349658488038 0.20268934033739661 0.21079152268403337 0.21913426089243171 0.22762932081998047 0.23617716448494941 0.24466858092897445 0.25298677888677645 0.26100989654489753 0.26861386086595501 0.27567550796205009 0.28207585819223152 0.28770342629397749 0.29245743898670135 0.29625083085669285 0.29901289432951411 0.30069147112671524 0.30125459033107932 0.30069148118270767 0.29901291577406758 0.29625086640461085 0.29245749281741473 0.28770350413393947 0.28207596735151097 0.27567565727106691 0.26861406045745728 0.26141283202882265 0.25358711382185056 0.24507167160364493 0.23617767326854797 0.22762992794123196 0.21913496867045079 0.21079232868078765 0.20269023680235077
0.15645726762815754 0.16156298652149881 0.16722632870953774 0.17345580743285927 0.18024958787169024 0.18759401414209367 0.19546232807731798 0.20381365873801938 0.21259235940366802 0.22172776219513290 0.23113440931199147 0.24071280426256192 0.25035070684695254 0.25992497275735360 0.26930391350896044 0.27835012628165490 0.28692371759258012 0.29488582108478140 0.30210228965080366 0.30844742703491557 0.31380761516196914 0.31808469157788616 0.32119893699348706 0.32309154596974277 0.32372647375495917 0.32309157820712969 0.32119900622754477 0.31808480750032536 0.31380779268357817 0.30844768657052418 0.30210265724131946 0.29488632816602900 0.28692440021773546 0.27835102363600922 0.26930506562811951 0.25992641747171169 0.25035247611604111 0.24071492021228638 0.23113688041744596 0.22173058013025151 0.21259549707938688
0.15879882296253817 0.16428510660063139 0.17037078362138053 0.17706503419684166 0.18436590693246194 0.19225873353809189 0.20071475112848655 0.20969001712610366 0.21912469911295976 0.22894281464024233 0.23905248383890834 0.24934674084603203 0.25970492903330117 0.26999468056361214 0.28007445397063574 0.28979657557662625 0.29901070315965789 0.30756760499365227 0.31532312586244332 0.32214219542802680 0.32790272470834159 0.33249923433097234 0.33584606416710272 0.33788002789815375 0.33856239748205608 0.33788013031958619 0.33584628468656530 0.33249960486763347 0.32790329436034393 0.32214303140159573 0.31532431386499943 0.30756924846705708 0.29901292072012331 0.28979949613263578 0.28007820922764198 0.26999939499080394 0.25971070782947087 0.24935365693167891 0.23906056532705933 0.22895203449615534 0.21913496871416446
0.15959900016592554 0.16521672407834539 0.17144882473865078 0.17830479994345483 0.18578271244773478 0.19386755901607092 0.20252985675158458 0.21172453414819456 0.22139021080438626 0.23144894148783066 0.24180648728033893 0.25235315912080086 0.26296525768721524 0.27350710894151320 0.28383366777351909 0.29379363424092625 0.30323299934991765 0.31199891175569622 0.31994373484464500 0.32692914698308739 0.33283012766286701 0.33753866987226583 0.34096706483943962 0.34305061936455239 0.34374968774377040 0.34305092872389015 0.34096773147574788 0.33753979134651008 0.33283185403391613 0.32693168363827785 0.31994734369266004 0.31200390887762675 0.30323974717511593 0.29380252663425127 0.28384510714532335 0.27352147561057755 0.26298287313631491 0.25237424628064609 0.24183113227599076 0.23147706206824206 0.22142153667958447
0.15872013132603377 0.16419951928516432 0.17027990385590663 0.17697082312081833 0.18427055846556079 0.19216452235373174 0.20062387114662580 0.20960442948679373 0.21904600704609695 0.22887217833038745 0.23899058218070701 0.24929378012209316 0.25966069229770167 0.26995860691897400 0.28004573458351789 0.28977425326753492 0.29899376435270952 0.30755505603306393 0.31531404940681401 0.32213578610405808 0.32789830593444508 0.33249625995912419 0.33584410933261027 0.33787877338417593 0.33856161126429785 0.33787964903548023 0.33584599680722765 0.33249943650113717 0.32790319796489698 0.32214297725600993 0.31532428390706008 0.30756923202199599 0.29901291165075805 0.28979949100558294 0.28007820617338408 0.26999939301822240 0.25971070642670591 0.24935365584088270 0.23906056442112375 0.22895203371326117 0.21913496802406460
0.15622528054237067 0.16131067063085280 0.16695841042738285 0.17317806831280691 0.17996849571643614 0.18731627482078600 0.19519440939316035 0.20356134224567995 0.21236037151818118 0.22151952320849733 0.23095192064588502 0.24055667405109588 0.25022029552190095 0.25981862676132195 0.26921924835406397 0.27828432014639448 0.28687378239457451 0.29484882746606073 0.30207553323134589 0.30842853352188188 0.31379458994674081 0.31807592457647249 0.32119317567127947 0.32308784924742096 0.32372415760140733 0.32309016100974636 0.32119815918243000 0.31808431275973603 0.31380751008193497 0.30844752847905155 0.30210257040336802 0.29488628110450521 0.28692437483365207 0.27835100980245114 0.26930505782969588 0.25992641278376988 0.25035247302795838 0.24071491796338104 0.23113687863349353 0.22173057863044043 0.21259549577681303
0.15232458023356213 0.15680251503341111 0.16178674263392151 0.16728743119593401 0.17330465582806390 0.17982689544312672 0.18682982708128740 0.19427549902392777 0.20211193946422140 0.21027323138248311 0.21868006057164460 0.22724072508791615 0.23585258150007263 0.24440389509651378 0.25277605537269365 0.26084611201877267 0.26848957818283831 0.27558343613582098 0.28200926618960565 0.28765640464449993 0.29242502322665409 0.29622901357680165 0.29899855803567243 0.30068227351521520 0.30124882887339782 0.30068795715625907 0.29901081078710096 0.29624963822842337 0.29245679256998625 0.28770311369516038 0.28207575415282121 0.27567554295364632 0.26861399996178048 0.26101012554605174 0.25298709531357921 0.24466898812727819 0.23617766766001058 0.22762992426162565 0.21913496598934229 0.21079232655099522 0.20269023501207084
0.14726425020455150 0.15097654672647826 0.15513384548107803 0.15974853855935431 0.16482315858019034 0.17034882271127408 0.17630411288217462 0.18265447733638923 0.18935218511043414 0.19633681356213109 0.20353620901988811 0.21086783783749005 0.21824044075569390 0.22555591406645917 0.23271136002910203 0.23960126859377617 0.24611980610902837 0.25216319034963341 0.25763212424271548 0.26243424545361055 0.26648652986727139 0.26971756896760701 0.27206962858814754 0.27350039245226970 0.27398429951712139 0.27351339887543985 0.27209766807764374 0.26976476770740987 0.26655923415337851 0.26254114121402333 0.25778428730650943 0.25237398699009023 0.24640456215015047 0.23997663889488591 0.23319436079516218 0.22616262772185472 0.21898446269251209 0.21175859758194748 0.20457735323659035 0.19752487155941448 0.19067573767199189
0.14118671240374112 0.14402428164375208 0.14725610731674055 0.15090014448383446 0.15496361755136029 0.15944116761188409 0.16431373906537791 0.16954830855562336 0.17509844724415405 0.18090560427975189 0.18690092503503419 0.19300738461606995 0.19914202731435912 0.20521814802799548 0.21114731710054419 0.21684121781637003 0.22221332035065103 0.22718044727837652 0.23166429086603632 0.23559292491819750 0.23890232201984354 0.24153785041918321 0.24345569250707416 0.24462410522930425 0.24502443483736083 0.24465180403160444 0.24351540636378652 0.24163836708671763 0.23905715754244464 0.23582057817189359 0.23198835061544759 0.22762938035562924 0.22281976693403924 0.21764064859196128 0.21217597233012581 0.20651027926238311 0.20072658936672258 0.19490446007894793 0.18911828049638454 0.18343584819351097 0.17791725975566475
0.13400945540756071 0.13588881024335386 0.13814065236187897 0.14079433276971562 0.14386552093102245 0.14735361252484538 0.15124046217545503 0.15549058750698092 0.16005277040465929 0.16486278167575344 0.16984681621620193 0.17492517168396027 0.18001573822484751 0.18503697352302587 0.18991018560843342 0.19456109943033797 0.19892081020451638 0.20292630595166961 0.20652076651845278 0.20965382283481296 0.21228190338155292 0.21436872365338863 0.21588590627332543 0.21681366697747465 0.21714147131102407 0.21686855905309005 0.21600424434701898 0.21456792324649968 0.21258875050378898 0.21010497843476664 0.20716297864521141 0.20381598996729938 0.20012265217192887 0.19614539488759039 0.19194875523283134 0.18759769678551749 0.18315599757593312 0.17868476669790992 0.17424113873536476 0.16987718330763815 0.16563905440793306
0.12538206018997874 0.12621330165567810 0.12744377238096771 0.12912321384112846 0.13128147381819266 0.13392448546979488 0.13703259120483630 0.14056144055428180 0.14444528572238427 0.14860213360323440 0.15293996227776749 0.15736311826865579 0.16177808466984836 0.16609801893066420 0.17024574532201184 0.17415518385750886 0.17777144492168409 0.18104997751978080 0.18395521529714182 0.18645912884341936 0.18853999266299137 0.19018154485377325 0.19137258898471957 0.19210698421460295 0.19238390335684927 0.19220821078779426 0.19159081657097657 0.19054888972335821 0.18910585136686370 0.18729110847714978 0.18513952474983292 0.18269065333523554 0.17998777578150443 0.17707680297001888 0.17400509843092610 0.17082028373765715 0.16756908115104335 0.16429624153298258 0.16104359674002425 0.15784926599423801 0.15474703571897050
0.11477596884524210 0.11443662795236008 0.11458955168663913 0.11531715762728188 0.11667130249075780 0.11866689121057569 0.12127944363776781 0.12444698487170955 0.12807593010025900 0.13205001090175433 0.13624086347442035 0.14051874722385049 0.14476199564068851 0.14886416740867853 0.15273836561483786 0.15631871121981677 0.15955939052352278 0.16243197681770238 0.16492182986012871 0.16702432086914090 0.16874146197298925 0.17007929601614483 0.17104618007617875 0.17165191400481580 0.17190754455607740 0.17182561897826612 0.17142065908042828 0.17070966081159869 0.16971247740967652 0.16845200122509513 0.16695411022609435 0.16524738466825201 0.16336262611087929 0.16133222607795059 0.15918943760897744 0.15696760239358351 0.15469938147916340 0.15241603048052266 0.15014675204904215 0.14791814988228480 0.14575380027878465
