examples/Wang2004/150x70/topography_dem.asc
ncols 151
nrows 71
xllcorner 0
yllcorner -7
cellsize 2.000000e-01
NODATA_value  -9999
[rows 0 to 26 of 71, columns 0 to 61 of 151]
11.22197694 11.10726165 10.99254636 10.87783107 10.76311579 10.6484005 10.53368521 10.41896992 10.30425464 10.18953935 10.07482406 9.960108776 9.845393489 9.730678201 9.615962914 9.501247627 9.38653234 9.271817052 9.157101765 9.042386478 8.92767119 8.812955903 8.698240616 8.583525329 8.468810041 8.354094754 8.239379467 8.12466418 8.009948892 7.895233605 7.780518318 7.665803031 7.551087743 7.436372456 7.321657169 7.206941881 7.092226594 6.977511307 6.86279602 6.748080732 6.633365445 6.518650158 6.403934871 6.289219583 6.174504296 6.059789009 5.945073721 5.830358434 5.715643147 5.60092786 5.486212572 5.371497285 5.256781998 5.142066711 5.027351423 4.912636136 4.797920849 4.683205561 4.568490274 4.453774987 4.3390597 4.224344412
11.22197694 11.10726165 10.99254636 10.87783107 10.76311579 10.6484005 10.53368521 10.41896992 10.30425464 10.18953935 10.07482406 9.960108776 9.845393489 9.730678201 9.615962914 9.501247627 9.38653234 9.271817052 9.157101765 9.042386478 8.92767119 8.812955903 8.698240616 8.583525329 8.468810041 8.354094754 8.239379467 8.12466418 8.009948892 7.895233605 7.780518318 7.665803031 7.551087743 7.436372456 7.321657169 7.206941881 7.092226594 6.977511307 6.86279602 6.748080732 6.633365445 6.518650158 6.403934871 6.289219583 6.174504296 6.059789009 5.945073721 5.830358434 5.715643147 5.60092786 5.486212572 5.371497285 5.256781998 5.142066711 5.027351423 4.912636136 4.797920849 4.683205561 4.568490274 4.453774987 4.3390597 4.224344412
11.22197694 11.10726165 10.99254636 10.87783107 10.76311579 10.6484005 10.53368521 10.41896992 10.30425464 10.18953935 10.07482406 9.960108776 9.845393489 9.730678201 9.615962914 9.501247627 9.38653234 9.271817052 9.157101765 9.042386478 8.92767119 8.812955903 8.698240616 8.583525329 8.468810041 8.354094754 8.239379467 8.12466418 8.009948892 7.895233605 7.780518318 7.665803031 7.551087743 7.436372456 7.321657169 7.206941881 7.092226594 6.977511307 6.86279602 6.748080732 6.633365445 6.518650158 6.403934871 6.289219583 6.174504296 6.059789009 5.945073721 5.830358434 5.715643147 5.60092786 5.486212572 5.371497285 5.256781998 5.142066711 5.027351423 4.912636136 4.797920849 4.683205561 4.568490274 4.453774987 4.3390597 4.224344412
11.22197694 11.10726165 10.99254636 10.87783107 10.76311579 10.6484005 10.53368521 10.41896992 10.30425464 10.18953935 10.07482406 9.960108776 9.845393489 9.730678201 9.615962914 9.501247627 9.38653234 9.271817052 9.157101765 9.042386478 8.92767119 8.812955903 8.698240616 8.583525329 8.468810041 8.354094754 8.239379467 8.12466418 8.009948892 7.895233605 7.780518318 7.665803031 7.551087743 7.436372456 7.321657169 7.206941881 7.092226594 6.977511307 6.86279602 6.748080732 6.633365445 6.518650158 6.403934871 6.289219583 6.174504296 6.059789009 5.945073721 5.830358434 5.715643147 5.60092786 5.486212572 5.371497285 5.256781998 5.142066711 5.027351423 4.912636136 4.797920849 4.683205561 4.568490274 4.453774987 4.3390597 4.224344412
11.22197694 11.10726165 10.99254636 10.87783107 10.76311579 10.6484005 10.53368521 10.41896992 10.30425464 10.18953935 10.07482406 9.960108776 9.845393489 9.730678201 9.615962914 9.501247627 9.38653234 9.271817052 9.157101765 9.042386478 8.92767119 8.812955903 8.698240616 8.583525329 8.468810041 8.354094754 8.239379467 8.12466418 8.009948892 7.895233605 7.780518318 7.665803031 7.551087743 7.436372456 7.321657169 7.206941881 7.092226594 6.977511307 6.86279602 6.748080732 6.633365445 6.518650158 6.403934871 6.289219583 6.174504296 6.059789009 5.945073721 5.830358434 5.715643147 5.60092786 5.486212572 5.371497285 5.256781998 5.142066711 5.027351423 4.912636136 4.797920849 4.683205561 4.568490274 4.453774987 4.3390597 4.224344412
11.22197694 11.10726165 10.99254636 10.87783107 10.76311579 10.6484005 10.53368521 10.41896992 10.30425464 10.18953935 10.07482406 9.960108776 9.845393489 9.730678201 9.615962914 9.501247627 9.38653234 9.271817052 9.157101765 9.042386478 8.92767119 8.812955903 8.698240616 8.583525329 8.468810041 8.354094754 8.239379467 8.12466418 8.009948892 7.895233605 7.780518318 7.665803031 7.551087743 7.436372456 7.321657169 7.206941881 7.092226594 6.977511307 6.86279602 6.748080732 6.633365445 6.518650158 6.403934871 6.289219583 6.174504296 6.059789009 5.945073721 5.830358434 5.715643147 5.60092786 5.486212572 5.371497285 5.256781998 5.142066711 5.027351423 4.912636136 4.797920849 4.683205561 4.568490274 4.453774987 4.3390597 4.224344412
11.22197694 11.10726165 10.99254636 10.87783107 10.76311579 10.6484005 10.53368521 10.41896992 10.30425464 10.18953935 10.07482406 9.960108776 9.845393489 9.730678201 9.615962914 9.501247627 9.38653234 9.271817052 9.157101765 9.042386478 8.92767119 8.812955903 8.698240616 8.583525329 8.468810041 8.354094754 8.239379467 8.12466418 8.009948892 7.895233605 7.780518318 7.665803031 7.551087743 7.436372456 7.321657169 7.206941881 7.092226594 6.977511307 6.86279602 6.748080732 6.633365445 6.518650158 6.403934871 6.289219583 6.174504296 6.059789009 5.945073721 5.830358434 5.715643147 5.60092786 5.486212572 5.371497285 5.256781998 5.142066711 5.027351423 4.912636136 4.797920849 4.683205561 4.568490274 4.453774987 4.3390597 4.224344412
11.22197694 11.10726165 10.99254636 10.87783107 10.76311579 10.6484005 10.53368521 10.41896992 10.30425464 10.18953935 10.07482406 9.960108776 9.845393489 9.730678201 9.615962914 9.501247627 9.38653234 9.271817052 9.157101765 9.042386478 8.92767119 8.812955903 8.698240616 8.583525329 8.468810041 8.354094754 8.239379467 8.12466418 8.009948892 7.895233605 7.780518318 7.665803031 7.551087743 7.436372456 7.321657169 7.206941881 7.092226594 6.977511307 6.86279602 6.748080732 6.633365445 6.518650158 6.403934871 6.289219583 6.174504296 6.059789009 5.945073721 5.830358434 5.715643147 5.60092786 5.486212572 5.371497285 5.256781998 5.142066711 5.027351423 4.912636136 4.797920849 4.683205561 4.568490274 4.453774987 4.3390597 4.224344412
11.22197694 11.10726165 10.99254636 10.87783107 10.76311579 10.6484005 10.53368521 10.41896992 10.30425464 10.18953935 10.07482406 9.960108776 9.845393489 9.730678201 9.615962914 9.501247627 9.38653234 9.271817052 9.157101765 9.042386478 8.92767119 8.812955903 8.698240616 8.583525329 8.468810041 8.354094754 8.239379467 8.12466418 8.009948892 7.895233605 7.780518318 7.665803031 7.551087743 7.436372456 7.321657169 7.206941881 7.092226594 6.977511307 6.86279602 6.748080732 6.633365445 6.518650158 6.403934871 6.289219583 6.174504296 6.059789009 5.945073721 5.830358434 5.715643147 5.60092786 5.486212572 5.371497285 5.256781998 5.142066711 5.027351423 4.912636136 4.797920849 4.683205561 4.568490274 4.453774987 4.3390597 4.224344412
11.22197694 11.10726165 10.99254636 10.87783107 10.76311579 10.6484005 10.53368521 10.41896992 10.30425464 10.18953935 10.07482406 9.960108776 9.845393489 9.730678201 9.615962914 9.501247627 9.38653234 9.271817052 9.157101765 9.042386478 8.92767119 8.812955903 8.698240616 8.583525329 8.468810041 8.354094754 8.239379467 8.12466418 8.009948892 7.895233605 7.780518318 7.665803031 7.551087743 7.436372456 7.321657169 7.206941881 7.092226594 6.977511307 6.86279602 6.748080732 6.633365445 6.518650158 6.403934871 6.289219583 6.174504296 6.059789009 5.945073721 5.830358434 5.715643147 5.60092786 5.486212572 5.371497285 5.256781998 5.142066711 5.027351423 4.912636136 4.797920849 4.683205561 4.568490274 4.453774987 4.3390597 4.224344412
11.22197694 11.10726165 10.99254636 10.87783107 10.76311579 10.6484005 10.53368521 10.41896992 10.30425464 10.18953935 10.07482406 9.960108776 9.845393489 9.730678201 9.615962914 9.501247627 9.38653234 9.271817052 9.157101765 9.042386478 8.92767119 8.812955903 8.698240616 8.583525329 8.468810041 8.354094754 8.239379467 8.12466418 8.009948892 7.895233605 7.780518318 7.665803031 7.551087743 7.436372456 7.321657169 7.206941881 7.092226594 6.977511307 6.86279602 6.748080732 6.633365445 6.518650158 6.403934871 6.289219583 6.174504296 6.059789009 5.945073721 5.830358434 5.715643147 5.60092786 5.486212572 5.371497285 5.256781998 5.142066711 5.027351423 4.912636136 4.797920849 4.683205561 4.568490274 4.453774987 4.3390597 4.224344412
11.22197694 11.10726165 10.99254636 10.87783107 10.76311579 10.6484005 10.53368521 10.41896992 10.30425464 10.18953935 10.07482406 9.960108776 9.845393489 9.730678201 9.615962914 9.501247627 9.38653234 9.271817052 9.157101765 9.042386478 8.92767119 8.812955903 8.698240616 8.583525329 8.468810041 8.354094754 8.239379467 8.12466418 8.009948892 7.895233605 7.780518318 7.665803031 7.551087743 7.436372456 7.321657169 7.206941881 7.092226594 6.977511307 6.86279602 6.748080732 6.633365445 6.518650158 6.403934871 6.289219583 6.174504296 6.059789009 5.945073721 5.830358434 5.715643147 5.60092786 5.486212572 5.371497285 5.256781998 5.142066711 5.027351423 4.912636136 4.797920849 4.683205561 4.568490274 4.453774987 4.3390597 4.224344412
11.22197694 11.10726165 10.99254636 10.87783107 10.76311579 10.6484005 10.53368521 10.41896992 10.30425464 10.18953935 10.07482406 9.960108776 9.845393489 9.730678201 9.615962914 9.501247627 9.38653234 9.271817052 9.157101765 9.042386478 8.92767119 8.812955903 8.698240616 8.583525329 8.468810041 8.354094754 8.239379467 8.12466418 8.009948892 7.895233605 7.780518318 7.665803031 7.551087743 7.436372456 7.321657169 7.206941881 7.092226594 6.977511307 6.86279602 6.748080732 6.633365445 6.518650158 6.403934871 6.289219583 6.174504296 6.059789009 5.945073721 5.830358434 5.715643147 5.60092786 5.486212572 5.371497285 5.256781998 5.142066711 5.027351423 4.912636136 4.797920849 4.683205561 4.568490274 4.453774987 4.3390597 4.224344412
11.22197694 11.10726165 10.99254636 10.87783107 10.76311579 10.6484005 10.53368521 10.41896992 10.30425464 10.18953935 10.07482406 9.960108776 9.845393489 9.730678201 9.615962914 9.501247627 9.38653234 9.271817052 9.157101765 9.042386478 8.92767119 8.812955903 8.698240616 8.583525329 8.468810041 8.354094754 8.239379467 8.12466418 8.009948892 7.895233605 7.780518318 7.665803031 7.551087743 7.436372456 7.321657169 7.206941881 7.092226594 6.977511307 6.86279602 6.748080732 6.633365445 6.518650158 6.403934871 6.289219583 6.174504296 6.059789009 5.945073721 5.830358434 5.715643147 5.60092786 5.486212572 5.371497285 5.256781998 5.142066711 5.027351423 4.912636136 4.797920849 4.683205561 4.568490274 4.453774987 4.3390597 4.224344412
11.22197694 11.10726165 10.99254636 10.87783107 10.76311579 10.6484005 10.53368521 10.41896992 10.30425464 10.18953935 10.07482406 9.960108776 9.845393489 9.730678201 9.615962914 9.501247627 9.38653234 9.271817052 9.157101765 9.042386478 8.92767119 8.812955903 8.698240616 8.583525329 8.468810041 8.354094754 8.239379467 8.12466418 8.009948892 7.895233605 7.780518318 7.665803031 7.551087743 7.436372456 7.321657169 7.206941881 7.092226594 6.977511307 6.86279602 6.748080732 6.633365445 6.518650158 6.403934871 6.289219583 6.174504296 6.059789009 5.945073721 5.830358434 5.715643147 5.60092786 5.486212572 5.371497285 5.256781998 5.142066711 5.027351423 4.912636136 4.797920849 4.683205561 4.568490274 4.453774987 4.3390597 4.224344412
11.22197694 11.10726165 10.99254636 10.87783107 10.76311579 10.6484005 10.53368521 10.41896992 10.30425464 10.18953935 10.07482406 9.960108776 9.845393489 9.730678201 9.615962914 9.501247627 9.38653234 9.271817052 9.157101765 9.042386478 8.92767119 8.812955903 8.698240616 8.583525329 8.468810041 8.354094754 8.239379467 8.12466418 8.009948892 7.895233605 7.780518318 7.665803031 7.551087743 7.436372456 7.321657169 7.206941881 7.092226594 6.977511307 6.86279602 6.748080732 6.633365445 6.518650158 6.403934871 6.289219583 6.174504296 6.059789009 5.945073721 5.830358434 5.715643147 5.60092786 5.486212572 5.371497285 5.256781998 5.142066711 5.027351423 4.912636136 4.797920849 4.683205561 4.568490274 4.453774987 4.3390597 4.224344412
11.22197694 11.10726165 10.99254636 10.87783107 10.76311579 10.6484005 10.53368521 10.41896992 10.30425464 10.18953935 10.07482406 9.960108776 9.845393489 9.730678201 9.615962914 9.501247627 9.38653234 9.271817052 9.157101765 9.042386478 8.92767119 8.812955903 8.698240616 8.583525329 8.468810041 8.354094754 8.239379467 8.12466418 8.009948892 7.895233605 7.780518318 7.665803031 7.551087743 7.436372456 7.321657169 7.206941881 7.092226594 6.977511307 6.86279602 6.748080732 6.633365445 6.518650158 6.403934871 6.289219583 6.174504296 6.059789009 5.945073721 5.830358434 5.715643147 5.60092786 5.486212572 5.371497285 5.256781998 5.142066711 5.027351423 4.912636136 4.797920849 4.683205561 4.568490274 4.453774987 4.3390597 4.224344412
11.22197694 11.10726165 10.99254636 10.87783107 10.76311579 10.6484005 10.53368521 10.41896992 10.30425464 10.18953935 10.07482406 9.960108776 9.845393489 9.730678201 9.615962914 9.501247627 9.38653234 9.271817052 9.157101765 9.042386478 8.92767119 8.812955903 8.698240616 8.583525329 8.468810041 8.354094754 8.239379467 8.12466418 8.009948892 7.895233605 7.780518318 7.665803031 7.551087743 7.436372456 7.321657169 7.206941881 7.092226594 6.977511307 6.86279602 6.748080732 6.633365445 6.518650158 6.403934871 6.289219583 6.174504296 6.059789009 5.945073721 5.830358434 5.715643147 5.60092786 5.486212572 5.371497285 5.256781998 5.142066711 5.027351423 4.912636136 4.797920849 4.683205561 4.568490274 4.453774987 4.3390597 4.224344412
11.22197694 11.10726165 10.99254636 10.87783107 10.76311579 10.6484005 10.53368521 10.41896992 10.30425464 10.18953935 10.07482406 9.960108776 9.845393489 9.730678201 9.615962914 9.501247627 9.38653234 9.271817052 9.157101765 9.042386478 8.92767119 8.812955903 8.698240616 8.583525329 8.468810041 8.354094754 8.239379467 8.12466418 8.009948892 7.895233605 7.780518318 7.665803031 7.551087743 7.436372456 7.321657169 7.206941881 7.092226594 6.977511307 6.86279602 6.748080732 6.633365445 6.518650158 6.403934871 6.289219583 6.174504296 6.059789009 5.945073721 5.830358434 5.715643147 5.60092786 5.486212572 5.371497285 5.256781998 5.142066711 5.027351423 4.912636136 4.797920849 4.683205561 4.568490274 4.453774987 4.3390597 4.224344412
11.22197694 11.10726165 10.99254636 10.87783107 10.76311579 10.6484005 10.53368521 10.41896992 10.30425464 10.18953935 10.07482406 9.960108776 9.845393489 9.730678201 9.615962914 9.501247627 9.38653234 9.271817052 9.157101765 9.042386478 8.92767119 8.812955903 8.698240616 8.583525329 8.468810041 8.354094754 8.239379467 8.12466418 8.009948892 7.895233605 7.780518318 7.665803031 7.551087743 7.436372456 7.321657169 7.206941881 7.092226594 6.977511307 6.86279602 6.748080732 6.633365445 6.518650158 6.403934871 6.289219583 6.174504296 6.059789009 5.945073721 5.830358434 5.715643147 5.60092786 5.486212572 5.371497285 5.256781998 5.142066711 5.027351423 4.912636136 4.797920849 4.683205561 4.568490274 4.453774987 4.3390597 4.224344412
11.22197694 11.10726165 10.99254636 10.87783107 10.76311579 10.6484005 10.53368521 10.41896992 10.30425464 10.18953935 10.07482406 9.960108776 9.845393489 9.730678201 9.615962914 9.501247627 9.38653234 9.271817052 9.157101765 9.042386478 8.92767119 8.812955903 8.698240616 8.583525329 8.468810041 8.354094754 8.239379467 8.12466418 8.009948892 7.895233605 7.780518318 7.665803031 7.551087743 7.436372456 7.321657169 7.206941881 7.092226594 6.977511307 6.86279602 6.748080732 6.633365445 6.518650158 6.403934871 6.289219583 6.174504296 6.059789009 5.945073721 5.830358434 5.715643147 5.60092786 5.486212572 5.371497285 5.256781998 5.142066711 5.027351423 4.912636136 4.797920849 4.683205561 4.568490274 4.453774987 4.3390597 4.224344412
11.22197694 11.10726165 10.99254636 10.87783107 10.76311579 10.6484005 10.53368521 10.41896992 10.30425464 10.18953935 10.07482406 9.960108776 9.845393489 9.730678201 9.615962914 9.501247627 9.38653234 9.271817052 9.157101765 9.042386478 8.92767119 8.812955903 8.698240616 8.583525329 8.468810041 8.354094754 8.239379467 8.12466418 8.009948892 7.895233605 7.780518318 7.665803031 7.551087743 7.436372456 7.321657169 7.206941881 7.092226594 6.977511307 6.86279602 6.748080732 6.633365445 6.518650158 6.403934871 6.289219583 6.174504296 6.059789009 5.945073721 5.830358434 5.715643147 5.60092786 5.486212572 5.371497285 5.256781998 5.142066711 5.027351423 4.912636136 4.797920849 4.683205561 4.568490274 4.453774987 4.3390597 4.224344412
11.22197694 11.10726165 10.99254636 10.87783107 10.76311579 10.6484005 10.53368521 10.41896992 10.30425464 10.18953935 10.07482406 9.960108776 9.845393489 9.730678201 9.615962914 9.501247627 9.38653234 9.271817052 9.157101765 9.042386478 8.92767119 8.812955903 8.698240616 8.583525329 8.468810041 8.354094754 8.239379467 8.12466418 8.009948892 7.895233605 7.780518318 7.665803031 7.551087743 7.436372456 7.321657169 7.206941881 7.092226594 6.977511307 6.86279602 6.748080732 6.633365445 6.518650158 6.403934871 6.289219583 6.174504296 6.059789009 5.945073721 5.830358434 5.715643147 5.60092786 5.486212572 5.371497285 5.256781998 5.142066711 5.027351423 4.912636136 4.797920849 4.683205561 4.568490274 4.453774987 4.3390597 4.224344412
11.22197694 11.10726165 10.99254636 10.87783107 10.76311579 10.6484005 10.53368521 10.41896992 10.30425464 10.18953935 10.07482406 9.960108776 9.845393489 9.730678201 9.615962914 9.501247627 9.38653234 9.271817052 9.157101765 9.042386478 8.92767119 8.812955903 8.698240616 8.583525329 8.468810041 8.354094754 8.239379467 8.12466418 8.009948892 7.895233605 7.780518318 7.665803031 7.551087743 7.436372456 7.321657169 7.206941881 7.092226594 6.977511307 6.86279602 6.748080732 6.633365445 6.518650158 6.403934871 6.289219583 6.174504296 6.059789009 5.945073721 5.830358434 5.715643147 5.60092786 5.486212572 5.371497285 5.256781998 5.142066711 5.027351423 4.912636136 4.797920849 4.683205561 4.568490274 4.453774987 4.3390597 4.224344412
11.22197694 11.10726165 10.99254636 10.87783107 10.76311579 10.6484005 10.53368521 10.41896992 10.30425464 10.18953935 10.07482406 9.960108776 9.845393489 9.730678201 9.615962914 9.501247627 9.38653234 9.271817052 9.157101765 9.042386478 8.92767119 8.812955903 8.698240616 8.583525329 8.468810041 8.354094754 8.239379467 8.12466418 8.009948892 7.895233605 7.780518318 7.665803031 7.551087743 7.436372456 7.321657169 7.206941881 7.092226594 6.977511307 6.86279602 6.748080732 6.633365445 6.518650158 6.403934871 6.289219583 6.174504296 6.059789009 5.945073721 5.830358434 5.715643147 5.60092786 5.486212572 5.371497285 5.256781998 5.142066711 5.027351423 4.912636136 4.797920849 4.683205561 4.568490274 4.453774987 4.3390597 4.224344412
11.22197694 11.10726165 10.99254636 10.87783107 10.76311579 10.6484005 10.53368521 10.41896992 10.30425464 10.18953935 10.07482406 9.960108776 9.845393489 9.730678201 9.615962914 9.501247627 9.38653234 9.271817052 9.157101765 9.042386478 8.92767119 8.812955903 8.698240616 8.583525329 8.468810041 8.354094754 8.239379467 8.12466418 8.009948892 7.895233605 7.780518318 7.665803031 7.551087743 7.436372456 7.321657169 7.206941881 7.092226594 6.977511307 6.86279602 6.748080732 6.633365445 6.518650158 6.403934871 6.289219583 6.174504296 6.059789009 5.945073721 5.830358434 5.715643147 5.60092786 5.486212572 5.371497285 5.256781998 5.142066711 5.027351423 4.912636136 4.797920849 4.683205561 4.568490274 4.453774987 4.3390597 4.224344412
11.22197694 11.10726165 10.99254636 10.87783107 10.76311579 10.6484005 10.53368521 10.41896992 10.30425464 10.18953935 10.07482406 9.960108776 9.845393489 9.730678201 9.615962914 9.501247627 9.38653234 9.271817052 9.157101765 9.042386478 8.92767119 8.812955903 8.698240616 8.583525329 8.468810041 8.354094754 8.239379467 8.12466418 8.009948892 7.895233605 7.780518318 7.665803031 7.551087743 7.436372456 7.321657169 7.206941881 7.092226594 6.977511307 6.86279602 6.748080732 6.633365445 6.518650158 6.403934871 6.289219583 6.174504296 6.059789009 5.945073721 5.830358434 5.715643147 5.60092786 5.486212572 5.371497285 5.256781998 5.142066711 5.027351423 4.912636136 4.797920849 4.683205561 4.568490274 4.453774987 4.3390597 4.224344412
