examples/Wang2004/150x70/topography_dem.asc
ncols 151
nrows 71
xllcorner 0
yllcorner -7
cellsize 2.000000e-01
NODATA_value  -9999
[rows 0 to 26 of 71, columns 62 to 123 of 151]
4.109629125 3.994913838 3.880198551 3.765483263 3.650767976 3.536052689 3.421337402 3.306622114 3.191906827 3.07719154 2.962476252 2.847760965 2.733045678 2.618330391 2.503615103 2.388899816 2.274184529 2.159469242 2.044753954 1.930038667 1.81532338 1.700608092 1.585892805 1.471177518 1.356462231 1.241746943 1.128285967 1.018627321 0.9141276081 0.8148843074 0.7209899948 0.6325322568 0.5495936083 0.4722514159 0.400577826 0.334639697 0.2744985371 0.2202104471 0.171826068 0.1293905336 0.09294342846 0.06251875122 0.03814488254 0.0198445588 0.007634850897 0.001527148255 0 0 0 0 0 0 0 0 0 0 0 0 0 0 0 0
4.109629125 3.994913838 3.880198551 3.765483263 3.650767976 3.536052689 3.421337402 3.306622114 3.191906827 3.07719154 2.962476252 2.847760965 2.733045678 2.618330391 2.503615103 2.388899816 2.274184529 2.159469242 2.044753954 1.930038667 1.81532338 1.700608092 1.585892805 1.471177518 1.356462231 1.241746943 1.128285967 1.018627321 0.9141276081 0.8148843074 0.7209899948 0.6325322568 0.5495936083 0.4722514159 0.400577826 0.334639697 0.2744985371 0.2202104471 0.171826068 0.1293905336 0.09294342846 0.06251875122 0.03814488254 0.0198445588 0.007634850897 0.001527148255 0 0 0 0 0 0 0 0 0 0 0 0 0 0 0 0
4.109629125 3.994913838 3.880198551 3.765483263 3.650767976 3.536052689 3.421337402 3.306622114 3.191906827 3.07719154 2.962476252 2.847760965 2.733045678 2.618330391 2.503615103 2.388899816 2.274184529 2.159469242 2.044753954 1.930038667 1.81532338 1.700608092 1.585892805 1.471177518 1.356462231 1.241746943 1.128285967 1.018627321 0.9141276081 0.8148843074 0.7209899948 0.6325322568 0.5495936083 0.4722514159 0.400577826 0.334639697 0.2744985371 0.2202104471 0.171826068 0.1293905336 0.09294342846 0.06251875122 0.03814488254 0.0198445588 0.007634850897 0.001527148255 0 0 0 0 0 0 0 0 0 0 0 0 0 0 0 0
4.109629125 3.994913838 3.880198551 3.765483263 3.650767976 3.536052689 3.421337402 3.306622114 3.191906827 3.07719154 2.962476252 2.847760965 2.733045678 2.618330391 2.503615103 2.388899816 2.274184529 2.159469242 2.044753954 1.930038667 1.81532338 1.700608092 1.585892805 1.471177518 1.356462231 1.241746943 1.128285967 1.018627321 0.9141276081 0.8148843074 0.7209899948 0.6325322568 0.5495936083 0.4722514159 0.400577826 0.334639697 0.2744985371 0.2202104471 0.171826068 0.1293905336 0.09294342846 0.06251875122 0.03814488254 0.0198445588 0.007634850897 0.001527148255 0 0 0 0 0 0 0 0 0 0 0 0 0 0 0 0
4.109629125 3.994913838 3.880198551 3.765483263 3.650767976 3.536052689 3.421337402 3.306622114 3.191906827 3.07719154 2.962476252 2.847760965 2.733045678 2.618330391 2.503615103 2.388899816 2.274184529 2.159469242 2.044753954 1.930038667 1.81532338 1.700608092 1.585892805 1.471177518 1.356462231 1.241746943 1.128285967 1.018627321 0.9141276081 0.8148843074 0.7209899948 0.6325322568 0.5495936083 0.4722514159 0.400577826 0.334639697 0.2744985371 0.2202104471 0.171826068 0.1293905336 0.09294342846 0.06251875122 0.03814488254 0.0198445588 0.007634850897 0.001527148255 0 0 0 0 0 0 0 0 0 0 0 0 0 0 0 0
4.109629125 3.994913838 3.880198551 3.765483263 3.650767976 3.536052689 3.421337402 3.306622114 3.191906827 3.07719154 2.962476252 2.847760965 2.733045678 2.618330391 2.503615103 2.388899816 2.274184529 2.159469242 2.044753954 1.930038667 1.81532338 1.700608092 1.585892805 1.471177518 1.356462231 1.241746943 1.128285967 1.018627321 0.9141276081 0.8148843074 0.7209899948 0.6325322568 0.5495936083 0.4722514159 0.400577826 0.334639697 0.2744985371 0.2202104471 0.171826068 0.1293905336 0.09294342846 0.06251875122 0.03814488254 0.0198445588 0.007634850897 0.001527148255 0 0 0 0 0 0 0 0 0 0 0 0 0 0 0 0
4.109629125 3.994913838 3.880198551 3.765483263 3.650767976 3.536052689 3.421337402 3.306622114 3.191906827 3.07719154 2.962476252 2.847760965 2.733045678 2.618330391 2.503615103 2.388899816 2.274184529 2.159469242 2.044753954 1.930038667 1.81532338 1.700608092 1.585892805 1.471177518 1.356462231 1.241746943 1.128285967 1.018627321 0.9141276081 0.8148843074 0.7209899948 0.6325322568 0.5495936083 0.4722514159 0.400577826 0.334639697 0.2744985371 0.2202104471 0.171826068 0.1293905336 0.09294342846 0.06251875122 0.03814488254 0.0198445588 0.007634850897 0.001527148255 0 0 0 0 0 0 0 0 0 0 0 0 0 0 0 0
4.109629125 3.994913838 3.880198551 3.765483263 3.650767976 3.536052689 3.421337402 3.306622114 3.191906827 3.07719154 2.962476252 2.847760965 2.733045678 2.618330391 2.503615103 2.388899816 2.274184529 2.159469242 2.044753954 1.930038667 1.81532338 1.700608092 1.585892805 1.471177518 1.356462231 1.241746943 1.128285967 1.018627321 0.9141276081 0.8148843074 0.7209899948 0.6325322568 0.5495936083 0.4722514159 0.400577826 0.334639697 0.2744985371 0.2202104471 0.171826068 0.1293905336 0.09294342846 0.06251875122 0.03814488254 0.0198445588 0.007634850897 0.001527148255 0 0 0 0 0 0 0 0 0 0 0 0 0 0 0 0
4.109629125 3.994913838 3.880198551 3.765483263 3.650767976 3.536052689 3.421337402 3.306622114 3.191906827 3.07719154 2.962476252 2.847760965 2.733045678 2.618330391 2.503615103 2.388899816 2.274184529 2.159469242 2.044753954 1.930038667 1.81532338 1.700608092 1.585892805 1.471177518 1.356462231 1.241746943 1.128285967 1.018627321 0.9141276081 0.8148843074 0.7209899948 0.6325322568 0.5495936083 0.4722514159 0.400577826 0.334639697 0.2744985371 0.2202104471 0.171826068 0.1293905336 0.09294342846 0.06251875122 0.03814488254 0.0198445588 0.007634850897 0.001527148255 0 0 0 0 0 0 0 0 0 0 0 0 0 0 0 0
4.109629125 3.994913838 3.880198551 3.765483263 3.650767976 3.536052689 3.421337402 3.306622114 3.191906827 3.07719154 2.962476252 2.847760965 2.733045678 2.618330391 2.503615103 2.388899816 2.274184529 2.159469242 2.044753954 1.930038667 1.81532338 1.700608092 1.585892805 1.471177518 1.356462231 1.241746943 1.128285967 1.018627321 0.9141276081 0.8148843074 0.7209899948 0.6325322568 0.5495936083 0.4722514159 0.400577826 0.334639697 0.2744985371 0.2202104471 0.171826068 0.1293905336 0.09294342846 0.06251875122 0.03814488254 0.0198445588 0.007634850897 0.001527148255 0 0 0 0 0 0 0 0 0 0 0 0 0 0 0 0
4.109629125 3.994913838 3.880198551 3.765483263 3.650767976 3.536052689 3.421337402 3.306622114 3.191906827 3.07719154 2.962476252 2.847760965 2.733045678 2.618330391 2.503615103 2.388899816 2.274184529 2.159469242 2.044753954 1.930038667 1.81532338 1.700608092 1.585892805 1.471177518 1.356462231 1.241746943 1.128285967 1.018627321 0.9141276081 0.8148843074 0.7209899948 0.6325322568 0.5495936083 0.4722514159 0.400577826 0.334639697 0.2744985371 0.2202104471 0.171826068 0.1293905336 0.09294342846 0.06251875122 0.03814488254 0.0198445588 0.007634850897 0.001527148255 0 0 0 0 0 0 0 0 0 0 0 0 0 0 0 0
4.109629125 3.994913838 3.880198551 3.765483263 3.650767976 3.536052689 3.421337402 3.306622114 3.191906827 3.07719154 2.962476252 2.847760965 2.733045678 2.618330391 2.503615103 2.388899816 2.274184529 2.159469242 2.044753954 1.930038667 1.81532338 1.700608092 1.585892805 1.471177518 1.356462231 1.241746943 1.128285967 1.018627321 0.9141276081 0.8148843074 0.7209899948 0.6325322568 0.5495936083 0.4722514159 0.400577826 0.334639697 0.2744985371 0.2202104471 0.171826068 0.1293905336 0.09294342846 0.06251875122 0.03814488254 0.0198445588 0.007634850897 0.001527148255 0 0 0 0 0 0 0 0 0 0 0 0 0 0 0 0
4.109629125 3.994913838 3.880198551 3.765483263 3.650767976 3.536052689 3.421337402 3.306622114 3.191906827 3.07719154 2.962476252 2.847760965 2.733045678 2.618330391 2.503615103 2.388899816 2.274184529 2.159469242 2.044753954 1.930038667 1.81532338 1.700608092 1.585892805 1.471177518 1.356462231 1.241746943 1.128285967 1.018627321 0.9141276081 0.8148843074 0.7209899948 0.6325322568 0.5495936083 0.4722514159 0.400577826 0.334639697 0.2744985371 0.2202104471 0.171826068 0.1293905336 0.09294342846 0.06251875122 0.03814488254 0.0198445588 0.007634850897 0.001527148255 0 0 0 0 0 0 0 0 0 0 0 0 0 0 0 0
4.109629125 3.994913838 3.880198551 3.765483263 3.650767976 3.536052689 3.421337402 3.306622114 3.191906827 3.07719154 2.962476252 2.847760965 2.733045678 2.618330391 2.503615103 2.388899816 2.274184529 2.159469242 2.044753954 1.930038667 1.81532338 1.700608092 1.585892805 1.471177518 1.356462231 1.241746943 1.128285967 1.018627321 0.9141276081 0.8148843074 0.7209899948 0.6325322568 0.5495936083 0.4722514159 0.400577826 0.334639697 0.2744985371 0.2202104471 0.171826068 0.1293905336 0.09294342846 0.06251875122 0.03814488254 0.0198445588 0.007634850897 0.001527148255 0 0 0 0 0 0 0 0 0 0 0 0 0 0 0 0
4.109629125 3.994913838 3.880198551 3.765483263 3.650767976 3.536052689 3.421337402 3.306622114 3.191906827 3.07719154 2.962476252 2.847760965 2.733045678 2.618330391 2.503615103 2.388899816 2.274184529 2.159469242 2.044753954 1.930038667 1.81532338 1.700608092 1.585892805 1.471177518 1.356462231 1.241746943 1.128285967 1.018627321 0.9141276081 0.8148843074 0.7209899948 0.6325322568 0.5495936083 0.4722514159 0.400577826 0.334639697 0.2744985371 0.2202104471 0.171826068 0.1293905336 0.09294342846 0.06251875122 0.03814488254 0.0198445588 0.007634850897 0.001527148255 0 0 0 0 0 0 0 0 0 0 0 0 0 0 0 0
4.109629125 3.994913838 3.880198551 3.765483263 3.650767976 3.536052689 3.421337402 3.306622114 3.191906827 3.07719154 2.962476252 2.847760965 2.733045678 2.618330391 2.503615103 2.388899816 2.274184529 2.159469242 2.044753954 1.930038667 1.81532338 1.700608092 1.585892805 1.471177518 1.356462231 1.241746943 1.128285967 1.018627321 0.9141276081 0.8148843074 0.7209899948 0.6325322568 0.5495936083 0.4722514159 0.400577826 0.334639697 0.2744985371 0.2202104471 0.171826068 0.1293905336 0.09294342846 0.06251875122 0.03814488254 0.0198445588 0.007634850897 0.001527148255 0 0 0 0 0 0 0 0 0 0 0 0 0 0 0 0
4.109629125 3.994913838 3.880198551 3.765483263 3.650767976 3.536052689 3.421337402 3.306622114 3.191906827 3.07719154 2.962476252 2.847760965 2.733045678 2.618330391 2.503615103 2.388899816 2.274184529 2.159469242 2.044753954 1.930038667 1.81532338 1.700608092 1.585892805 1.471177518 1.356462231 1.241746943 1.128285967 1.018627321 0.9141276081 0.8148843074 0.7209899948 0.6325322568 0.5495936083 0.4722514159 0.400577826 0.334639697 0.2744985371 0.2202104471 0.171826068 0.1293905336 0.09294342846 0.06251875122 0.03814488254 0.0198445588 0.007634850897 0.001527148255 0 0 0 0 0 0 0 0 0 0 0 0 0 0 0 0
4.109629125 3.994913838 3.880198551 3.765483263 3.650767976 3.536052689 3.421337402 3.306622114 3.191906827 3.07719154 2.962476252 2.847760965 2.733045678 2.618330391 2.503615103 2.388899816 2.274184529 2.159469242 2.044753954 1.930038667 1.81532338 1.700608092 1.585892805 1.471177518 1.356462231 1.241746943 1.128285967 1.018627321 0.9141276081 0.8148843074 0.7209899948 0.6325322568 0.5495936083 0.4722514159 0.400577826 0.334639697 0.2744985371 0.2202104471 0.171826068 0.1293905336 0.09294342846 0.06251875122 0.03814488254 0.0198445588 0.007634850897 0.001527148255 0 0 0 0 0 0 0 0 0 0 0 0 0 0 0 0
4.109629125 3.994913838 3.880198551 3.765483263 3.650767976 3.536052689 3.421337402 3.306622114 3.191906827 3.07719154 2.962476252 2.847760965 2.733045678 2.618330391 2.503615103 2.388899816 2.274184529 2.159469242 2.044753954 1.930038667 1.81532338 1.700608092 1.585892805 1.471177518 1.356462231 1.241746943 1.128285967 1.018627321 0.9141276081 0.8148843074 0.7209899948 0.6325322568 0.5495936083 0.4722514159 0.400577826 0.334639697 0.2744985371 0.2202104471 0.171826068 0.1293905336 0.09294342846 0.06251875122 0.03814488254 0.0198445588 0.007634850897 0.001527148255 0 0 0 0 0 0 0 0 0 0 0 0 0 0 0 0
4.109629125 3.994913838 3.880198551 3.765483263 3.650767976 3.536052689 3.421337402 3.306622114 3.191906827 3.07719154 2.962476252 2.847760965 2.733045678 2.618330391 2.503615103 2.388899816 2.274184529 2.159469242 2.044753954 1.930038667 1.81532338 1.700608092 1.585892805 1.471177518 1.356462231 1.241746943 1.128285967 1.018627321 0.9141276081 0.8148843074 0.7209899948 0.6325322568 0.5495936083 0.4722514159 0.400577826 0.334639697 0.2744985371 0.2202104471 0.171826068 0.1293905336 0.09294342846 0.06251875122 0.03814488254 0.0198445588 0.007634850897 0.001527148255 0 0 0 0 0 0 0 0 0 0 0 0 0 0 0 0
4.109629125 3.994913838 3.880198551 3.765483263 3.650767976 3.536052689 3.421337402 3.306622114 3.191906827 3.07719154 2.962476252 2.847760965 2.733045678 2.618330391 2.503615103 2.388899816 2.274184529 2.159469242 2.044753954 1.930038667 1.81532338 1.700608092 1.585892805 1.471177518 1.356462231 1.241746943 1.128285967 1.018627321 0.9141276081 0.8148843074 0.7209899948 0.6325322568 0.5495936083 0.4722514159 0.400577826 0.334639697 0.2744985371 0.2202104471 0.171826068 0.1293905336 0.09294342846 0.06251875122 0.03814488254 0.0198445588 0.007634850897 0.001527148255 0 0 0 0 0 0 0 0 0 0 0 0 0 0 0 0
4.109629125 3.994913838 3.880198551 3.765483263 3.650767976 3.536052689 3.421337402 3.306622114 3.191906827 3.07719154 2.962476252 2.847760965 2.733045678 2.618330391 2.503615103 2.388899816 2.274184529 2.159469242 2.044753954 1.930038667 1.81532338 1.700608092 1.585892805 1.471177518 1.356462231 1.241746943 1.128285967 1.018627321 0.9141276081 0.8148843074 0.7209899948 0.6325322568 0.5495936083 0.4722514159 0.400577826 0.334639697 0.2744985371 0.2202104471 0.171826068 0.1293905336 0.09294342846 0.06251875122 0.03814488254 0.0198445588 0.007634850897 0.001527148255 0 0 0 0 0 0 0 0 0 0 0 0 0 0 0 0
4.109629125 3.994913838 3.880198551 3.765483263 3.650767976 3.536052689 3.421337402 3.306622114 3.191906827 3.07719154 2.962476252 2.847760965 2.733045678 2.618330391 2.503615103 2.388899816 2.274184529 2.159469242 2.044753954 1.930038667 1.81532338 1.700608092 1.585892805 1.471177518 1.356462231 1.241746943 1.128285967 1.018627321 0.9141276081 0.8148843074 0.7209899948 0.6325322568 0.5495936083 0.4722514159 0.400577826 0.334639697 0.2744985371 0.2202104471 0.171826068 0.1293905336 0.09294342846 0.06251875122 0.03814488254 0.0198445588 0.007634850897 0.001527148255 0 0 0 0 0 0 0 0 0 0 0 0 0 0 0 0
4.109629125 3.994913838 3.880198551 3.765483263 3.650767976 3.536052689 3.421337402 3.306622114 3.191906827 3.07719154 2.962476252 2.847760965 2.733045678 2.618330391 2.503615103 2.388899816 2.274184529 2.159469242 2.044753954 1.930038667 1.81532338 1.700608092 1.585892805 1.471177518 1.356462231 1.241746943 1.128285967 1.018627321 0.9141276081 0.8148843074 0.7209899948 0.6325322568 0.5495936083 0.4722514159 0.400577826 0.334639697 0.2744985371 0.2202104471 0.171826068 0.1293905336 0.09294342846 0.06251875122 0.03814488254 0.0198445588 0.007634850897 0.001527148255 0 0 0 0 0 0 0 0 0 0 0 0 0 0 0 0
4.109629125 3.994913838 3.880198551 3.765483263 3.650767976 3.536052689 3.421337402 3.306622114 3.191906827 3.07719154 2.962476252 2.847760965 2.733045678 2.618330391 2.503615103 2.388899816 2.274184529 2.159469242 2.044753954 1.930038667 1.81532338 1.700608092 1.585892805 1.471177518 1.356462231 1.241746943 1.128285967 1.018627321 0.9141276081 0.8148843074 0.7209899948 0.6325322568 0.5495936083 0.4722514159 0.400577826 0.334639697 0.2744985371 0.2202104471 0.171826068 0.1293905336 0.09294342846 0.06251875122 0.03814488254 0.0198445588 0.007634850897 0.001527148255 0 0 0 0 0 0 0 0 0 0 0 0 0 0 0 0
4.109629125 3.994913838 3.880198551 3.765483263 3.650767976 3.536052689 3.421337402 3.306622114 3.191906827 3.07719154 2.962476252 2.847760965 2.733045678 2.618330391 2.503615103 2.388899816 2.274184529 2.159469242 2.044753954 1.930038667 1.81532338 1.700608092 1.585892805 1.471177518 1.356462231 1.241746943 1.128285967 1.018627321 0.9141276081 0.8148843074 0.7209899948 0.6325322568 0.5495936083 0.4722514159 0.400577826 0.334639697 0.2744985371 0.2202104471 0.171826068 0.1293905336 0.09294342846 0.06251875122 0.03814488254 0.0198445588 0.007634850897 0.001527148255 0 0 0 0 0 0 0 0 0 0 0 0 0 0 0 0
4.109629125 3.994913838 3.880198551 3.765483263 3.650767976 3.536052689 3.421337402 3.306622114 3.191906827 3.07719154 2.962476252 2.847760965 2.733045678 2.618330391 2.503615103 2.388899816 2.274184529 2.159469242 2.044753954 1.930038667 1.81532338 1.700608092 1.585892805 1.471177518 1.356462231 1.241746943 1.128285967 1.018627321 0.9141276081 0.8148843074 0.7209899948 0.6325322568 0.5495936083 0.4722514159 0.400577826 0.334639697 0.2744985371 0.2202104471 0.171826068 0.1293905336 0.09294342846 0.06251875122 0.03814488254 0.0198445588 0.007634850897 0.001527148255 0 0 0 0 0 0 0 0 0 0 0 0 0 0 0 0
